0.0172938344
0.2294726511
0.0024763248
0.0000434359
0.0429373778
0.1134521832
0.0134001742
0.2193772503
0.0159918273
0.2742165962
0.0687738020
0.0377397540
0.9510527191
0.0012104187
0.0075033494
0.1178680306
0.5567890883
0.9431038884
0.8079182531
0.9277230517
0.9614744700
0.8754049910
0.8854671636
0.9779062511
0.0027187169
0.0000734924
0.0130108641
0.1343017106
0.4861169499
0.8378904675
0.1989389718
0.0102639383
0.0000034716
0.1287108285
0.0972741259
0.6482775300
0.0703595516
0.0000006426
0.4920165185
0.0000183860
0.0299849749
0.0032373018
0.9747191095
0.3318768054
0.9409667047
0.0069621890
0.2136787492
0.0369538400
0.0451435628
0.0000046612
0.0027737246
0.0001404614
0.4634886359
0.7731212184
0.4727733013
0.7739446495
0.9739228310
0.3675701381
0.0089023350
0.0005681328
0.0019847997
0.0013051070
0.0053116305
0.5367856014
0.8308422300
0.0099270458
0.5145021316
0.0305234199
0.0001411488
0.1770388228
0.9426358728
0.9693800420
0.8240575202
0.0000031596
0.9999860019
0.9850371579
0.1169876111
0.0236068632
0.9921928701
0.1598622966
0.0017108316
0.8736193351
0.0000360416
0.0001706452
0.1623879833
0.0000179187
0.0014984878
0.0000092944
0.8438577374
0.9998359005
0.0968075623
0.9996901812
0.0011280729
0.0004312407
0.9689319008
0.0758164438
0.0000045398
0.0432205268
0.3812365001
0.9176227468
0.0047895411
0.9558985726
0.7485108513
0.0008495340
0.3406803382
0.1004090174
0.9406724210
0.4822870654
0.6192583129
0.0220141270
0.9700012440
0.0012829630
0.0124449060
0.8574713340
0.0036237119
0.9827144100
0.1240755787
0.0004705324
0.0000227010
0.0000001166
0.0034846471
0.0283971762
0.4995710525
0.0003168992
0.9210228626
0.9990403947
0.9942338364
0.0000009829
0.5513502046
0.0004068184
0.6659251861
0.0170922572
0.4589974147
0.0418682839
0.0000308002
0.0575276446
0.6920807030
0.6333999915
0.0034416084
0.0262499002
0.8799786683
0.0467909875
0.0004700820
0.0694129938
0.7164076282
0.0002920189
0.0142237247
0.0018365015
0.0000332231
0.0000000005
0.0727043667
0.0065820440
0.2584969772
0.0000814785
0.0000000127
0.6949797810
0.0011283840
0.0157044960
0.0000855632
0.2929384163
0.9935521098
0.0000183927
0.1253094878
0.7263013579
0.3956464830
0.0000340404
0.5259474562
0.0045447512
0.8182470273
0.5219723887
0.0031159835
0.0000981316
0.0021478126
0.4897024926
0.0001602773
0.0012632723
0.0409673354
0.0000000015
0.0021191069
0.0014917994
0.0000004592
0.0000372631
0.7290762773
0.0000871755
0.1912152622
0.0488765771
0.7215213824
0.8059067401
0.0000000702
0.0624587246
0.0002456726
0.1499578206
0.5300402570
0.2827532287
0.0000146279
0.3997625889
0.6091855527
0.0153620337
0.0039382046
0.9943441462
0.1381566460
0.0188828170
0.3473044453
0.0208335659
0.9758713517
0.8691162555
0.3614196914
0.0607049370
0.0025210059
0.0004148993
0.0201638262
0.0015703356
0.0068732855
0.8740689633
0.0124770862
0.7123383923
0.0003103213
0.0001100608
0.9986649458
0.0002389390
0.1456748389
0.0007172616
0.0313878845
0.0862497412
0.7318564130
0.0000043879
0.0097808505
0.9991300230
0.0000064226
0.0005381722
0.0076592277
0.0000068801
0.0238055283
0.7662284473
0.0000000012
0.0032112784
0.7500683129
0.9840640025
0.5731790561
0.0205658660
0.1375829171
0.0172742698
0.3448563585
0.9643940736
0.1664434346
0.4181946864
0.9295709481
0.0014861157
0.0385940160
0.2131158494
0.6033747765
0.9780530824
