0.0001245400
0.1442419904
0.0009115876
0.0000000000
0.3586471733
0.6285787340
0.0649005556
0.6553992685
0.0769232222
0.1055062102
0.0476327183
0.0000000346
0.9939593374
0.0003900708
0.0000095678
0.9774606975
0.0075696419
0.9964500030
0.8509267393
0.3218181357
0.9997203265
0.9863951990
0.9999998701
0.9999919373
0.0000000003
0.0000070480
0.0000000774
0.0000001686
0.5874606679
0.9999243500
0.3185410503
0.0091134935
0.0025147992
0.0007457179
0.5666122389
0.4067026160
0.1620731722
0.0000000001
0.6119448803
0.0000000000
0.0033518154
0.0036885461
0.9999151780
0.0126849662
0.9990673292
0.0000316432
0.9716224322
0.8798113225
0.0005913340
0.0000003785
0.0006091649
0.0000000282
0.0003429454
0.7955695229
0.7065623587
0.9948160421
0.9999992919
0.0014523832
0.0034174135
0.0000000000
0.0000270335
0.0648532150
0.0000003664
0.9994973440
0.9999711815
0.0000565814
0.7883431782
0.0001177825
0.0000000254
0.9566322712
0.9999992367
0.9999985402
0.9891432365
0.0000000000
1.0000000000
0.9999994025
0.3836051834
0.0035645873
0.9999995230
0.4041653274
0.0000000000
0.9999216631
0.0000000000
0.0000000370
0.0397224055
0.0000000000
0.0000000000
0.0000000000
0.9970540159
1.0000000000
0.9976367283
1.0000000000
0.0000900655
0.0000000018
0.9987357789
0.0003827792
0.0000021567
0.0785632806
0.0018034874
0.9957582983
0.0023922533
0.9961702880
0.9967602405
0.0923099586
0.9999981505
0.8248685689
0.9991743082
0.5133888466
0.9999811946
0.0044337020
0.7968940025
0.0000011245
0.0000000524
0.9993990391
0.0335277788
0.9999607922
0.9992392876
0.0000008025
0.0000010148
0.0000000000
0.1577095129
0.1064624684
0.9246626080
0.0000002816
0.9995166574
0.9999991255
0.9999998978
0.0000000000
0.4418771170
0.0000000056
0.9999224263
0.0000283551
0.9484963291
0.9927678396
0.0000000397
0.0004868701
0.9600573829
0.9996123209
0.0000120749
0.0000038151
0.9999999559
0.0003452396
0.0000000028
0.0000948162
0.9998305933
0.0000000000
0.0000555572
0.0016541826
0.0000000000
0.0000000000
0.9895618602
0.0549254558
0.1657038744
0.0000009159
0.0000000000
0.0007294837
0.0004656666
0.0120522607
0.0000000009
0.8788033428
0.9999988730
0.0000000002
0.9867306434
0.9419083112
0.9998378534
0.0000047202
0.4467592197
0.0000066353
0.9844570539
0.2912593177
0.0012285611
0.0000001544
0.0012103065
0.9430177690
0.0000000006
0.0000000000
0.2255843639
0.0000000000
0.0002252871
0.0000214679
0.0000000000
0.0000000366
0.9912738040
0.0000448596
0.0000000011
0.3807778484
0.9999894881
0.9901040577
0.0000000000
0.0404560459
0.0000000286
0.0262095529
0.9573775561
0.2481319140
0.0000000000
0.5427828169
0.9856447926
0.0003651955
0.0000000005
0.9999999986
0.0953086463
0.0016759993
0.9999974034
0.0000001376
0.9999999913
0.9999999023
0.0114500752
0.0015969895
0.0115465470
0.0000004716
0.0014880893
0.0002625798
0.0002956015
0.9997907524
0.0009213738
0.9962259502
0.0000574972
0.0000000000
0.9999908160
0.0000044619
0.0447001125
0.0001833510
0.0674907963
0.2592184651
0.9881980970
0.0000000020
0.0032493565
1.0000000000
0.0000000016
0.0000032796
0.0000044656
0.0000000071
0.0000249400
0.9937829264
0.0000000000
0.0000004520
0.9559865233
0.9936243966
0.9950744523
0.0591595567
0.0088950953
0.0050801629
0.9183318364
0.9999837600
0.0358836129
0.6170932812
0.9995879592
0.0000002765
0.0004354450
0.0811043081
0.9205198327
0.9999999905
