0.0999307394
0.0547182335
0.0153643793
0.0877204792
0.3144404257
0.3017280389
0.4187504662
0.4016995207
0.2467143091
0.1594660720
0.0661840454
0.1267773316
0.0847160865
0.0273568180
-0.0181400416
0.0756424324
0.1904052670
0.3910851734
0.3720953183
0.3277459275
0.2420062184
0.0681777467
0.1192777698
0.0929675213
0.0456347991
0.0069713722
0.0373471136
0.0983982644
0.3117969355
0.3450951812
0.4671430484
0.2718109909
0.1664777111
0.1388867514
0.0709324073
0.0118557765
-0.0298046379
0.0180038351
-0.0079622194
0.2139116236
0.2714939517
0.3976560959
0.4518825087
0.3248669637
0.3606855642
0.1242814146
0.0888064614
0.0391881877
0.1057590691
0.0754655271
0.0831256748
0.1960729451
0.3486542985
0.3793239381
0.3255280559
0.3857948952
0.2350754089
0.1565291092
0.0692993430
0.1265641124
0.0626460151
0.0926018277
0.0929459619
0.1926489542
0.1817910838
0.2101340726
0.3211632627
0.2120568769
0.1735543422
0.0874559592
0.0778306036
0.0418899189
0.1018720867
0.1017977182
0.0781076301
0.0474937653
0.0801414164
0.2373423840
0.2626260651
0.1874914335
0.0928188948
0.1267912159
0.0602394380
0.1441106656
0.1330066958
0.1042214028
0.0465002803
0.0147145215
0.0826539265
-0.0364968678
0.0187988181
0.0257703377
0.1010215864
0.0672063090
0.1027002335
0.0883652762
0.0424498364
-0.0265483038
-0.0839874274
0.0057829367
0.1179389761
0.1429859700
0.2057565818
0.2713151844
0.1855054947
0.1500943792
0.1036732251
0.0336778797
-0.0195718816
-0.0750355985
0.0005036838
0.0296507269
0.1787906017
0.1489861818
0.2756576890
0.2653137841
0.2610884146
0.1898025637
0.0646082561
-0.0302838074
-0.0850155062
-0.0378940943
-0.0610660377
0.0654377400
0.1076815532
0.2801849415
0.3536365591
0.4430787626
0.3038725224
0.1745190363
0.0385007416
-0.0172015679
0.0169124707
-0.0080580969
-0.0205859922
0.0322215370
0.1250135311
0.3150193087
0.4111637666
0.3500267977
0.2359311632
0.0980720857
0.0379897955
0.0936090460
0.1053771525
0.0109098809
0.0096465689
0.0776684459
0.0230145717
0.2157298869
0.2885946594
0.0957422165
0.0575674133
-0.0567888951
-0.0753809703
-0.1136614597
-0.1448199599
-0.1950786730
-0.1625310858
-0.0991039264
0.1533965784
0.1991094155
0.3117327773
0.2496126962
0.0376304585
-0.0131697763
-0.0088911836
-0.1107707563
-0.1228491644
-0.0513458549
-0.0713393353
0.0179517831
0.0675872883
0.1270962228
0.0294716733
-0.0442081469
-0.0238047969
-0.0556306953
-0.0892446939
-0.0697737355
-0.0604264764
-0.0769616615
-0.0348082901
-0.0216662895
-0.0391410017
-0.0801898408
-0.0659463001
-0.0475948125
-0.0730574401
-0.1084924248
-0.1226982163
-0.0721429597
-0.1085553008
-0.0683504076
-0.0864204352
0.0135696317
0.0051989005
-0.0047684395
0.1903473193
0.0879098125
0.0202878175
-0.1080380175
-0.0662949922
-0.1194638241
-0.0997015141
-0.0961202972
-0.1128792016
-0.1240021907
0.0061518710
0.1762962637
0.1889677272
0.0996306994
0.0057273613
0.0380404568
-0.0510581104
-0.0245910875
-0.0206225315
-0.0288273222
-0.1068461348
-0.0998045408
0.0224069714
0.1573742168
0.1968093801
0.0572253351
0.1774878695
0.0042792298
0.0164040378
-0.0053903704
-0.0397690047
-0.1095703819
-0.1268583045
-0.0917486879
-0.0709269542
-0.0262684800
-0.0405887812
0.1249050476
0.0268428180
0.0753878270
0.0419006934
0.0259789154
-0.0568933275
-0.0974954010
-0.0559778486
-0.0682146135
0.0190749058
0.0355400667
0.1371295496
0.1775752859
0.1893560656
0.1172012865
0.0325905100
-0.0632211503
-0.1228025360
-0.0556277926
-0.0806684860
-0.0285381060
-0.0358538697
0.2040452094
0.2320421355
0.2853522508
0.2026407292
0.1057696159
0.0247038517
-0.0318715605
-0.0088038032
-0.0061951824
-0.0206120647
-0.0791059868
-0.0427011991
-0.0839199822
-0.0450730309
-0.0963336173
-0.1130321127
-0.2006979654
-0.2551119681
-0.2137799749
-0.1741367376
-0.2022104588
-0.2594301090
-0.1658563178
-0.1414904348
0.0053635941
-0.0165651257
-0.0659231478
-0.1451810188
-0.2334868797
-0.1853794538
-0.2138518443
-0.2687990389
-0.2770414424
-0.1964585158
-0.1928900154
0.0374520564
0.0861385387
0.1028540586
0.0237325991
-0.1686053404
-0.1326075920
-0.2787413669
-0.3252042657
-0.3782048904
-0.3003362040
-0.3446695283
-0.1564877588
-0.0313189137
0.0883489788
0.0702930041
-0.0506600489
-0.0601808328
-0.1580526026
-0.1967523336
-0.2163257802
-0.1727422357
-0.2018240900
-0.1703977939
-0.0973077787
0.0129315600
0.0287237900
0.0293261474
0.0861845445
-0.0313777548
-0.0935187354
-0.1606764491
-0.1849799252
-0.1657884760
-0.1150636990
-0.1124116025
-0.0842769258
-0.1183370185
-0.0524328227
0.0567586310
0.0919357363
-0.0620728345
-0.1770559812
-0.1243433172
-0.2082457571
-0.1718133463
-0.1807709407
-0.1977551232
-0.2384383161
-0.0698136013
0.0067536313
0.0322337571
-0.0370593527
-0.1043803779
-0.0768064808
-0.1364239937
-0.0869601732
-0.0873258971
-0.1238631395
-0.1802758352
-0.1954003059
-0.1495345694
-0.1474604051
-0.1880678341
-0.1793926921
-0.1395300957
-0.1585297820
-0.1261852920
-0.1201564582
0.0865421084
0.0225462821
-0.0216132256
0.0154373219
0.1304710373
0.2052416267
0.1887163000
0.2733503992
0.2002902805
0.1809301847
0.1489305450
0.0941903227
0.0257348899
-0.0213651585
0.0004221875
-0.0174549544
0.0858604723
0.2199845575
0.2275159477
0.1191455655
0.1507501728
0.1414838681
0.1968954352
0.0525398987
0.0418450460
0.0607958012
0.0024391423
0.0105991122
0.0717999457
0.1743779512
0.1180478452
0.1708830084
0.1630459993
0.1355559287
0.0202994064
0.0010303558
0.0163708457
-0.0149410305
-0.0034680352
0.0234095562
0.0070272584
0.0104425305
0.0589994846
0.0630227029
0.0389736243
-0.0238860264
-0.0551150503
-0.0180182174
-0.0716946792
-0.0668953167
-0.0576542534
-0.0087580404
-0.0080402169
0.0498181352
0.1030506553
0.1126087655
0.0246955554
-0.0867578250
-0.0554843227
-0.0493948528
-0.0928175939
-0.1909527325
-0.1332371701
-0.1030841472
0.1361879614
0.1557583588
0.2292039208
0.1478509432
-0.0299450291
-0.1185914546
-0.2053779219
-0.2605336296
-0.2988860609
-0.2548287396
-0.2924746277
-0.0873450334
0.0153825471
0.1482184903
0.1941705127
0.1334654712
0.1023530277
-0.1097044292
-0.1498353667
-0.1888648458
-0.1458802188
-0.1918180600
-0.1388607650
-0.0631243198
0.1147694361
0.1727114053
0.1528392026
0.2126669287
-0.0196680389
-0.0796256568
-0.1314891160
-0.0421793113
-0.0794765986
-0.0020754359
-0.0107809484
-0.0181750765
-0.0341013964
-0.0171957302
0.0845929502
0.1039996003
0.0175766258
0.0221802566
0.0728025274
-0.0077701293
0.0639756855
0.0600842588
0.0280608589
0.0726522713
0.1315304146
0.2983348297
0.3187988376
0.2400378631
0.0936136832
0.1177464269
0.0545169901
0.1056069501
0.0916522736
0.0769635949
0.0093178611
-0.0004207451
0.2050521089
0.1699843017
0.1505110067
0.1729424980
0.1413836489
0.0825487185
0.0988737686
0.0854968071
0.0515918765
0.0059451017
-0.0782017417
0.0120540609
0.1420750110
0.2636443388
0.1267252815
0.2411328988
0.1715728412
0.1417438148
0.0992629776
0.0763140011
-0.0188072228
-0.0680218552
-0.0216494001
0.0122073907
0.2254274115
0.1768109648
0.2689199878
0.3201701785
0.2697345711
0.1629259689
0.0669274035
-0.0051880353
-0.0516467288
-0.0447122036
-0.0790994051
0.0689443099
0.0965201942
0.2642031004
0.3108924354
0.3894678943
0.2819660577
0.1399121932
0.0323061484
-0.0047260642
0.0235661357
-0.0233056868
-0.0753949507
-0.0226428146
0.1834054486
0.2690369475
0.3143876349
0.2774277194
0.1211684830
0.0872755026
0.0120999498
0.0491437258
0.0388768143
-0.0395646880
-0.1061281104
0.0608427095
0.1415260333
0.3089930133
0.2831519652
0.2656702818
0.0887331906
0.0074165597
0.0307315371
0.0013933193
-0.0273659567
-0.0319920678
0.0273341013
0.0284061609
0.1602175904
0.1987610431
0.1534355222
0.0515870115
-0.0015126777
0.0694857525
0.0230196611
-0.0082351770
-0.0281902172
0.0170253938
0.0029375454
0.1555767852
0.1782357266
0.2551286371
0.2577988643
0.1459600459
0.0922736904
0.0047133247
-0.0592857686
-0.0556289827
0.0119703428
-0.0318639599
0.0073820472
0.0648611832
0.2026747501
0.1567596525
0.0504100093
0.1884705887
-0.0263840506
-0.0650402051
-0.0213205673
0.0277816343
-0.0418345647
0.0166280694
0.0084798995
-0.0284081681
-0.0422178610
-0.1033670262
-0.0617425257
-0.0948099101
-0.0607776610
-0.0202254844
0.0281073947
-0.0272202991
0.0691425770
0.0650901339
0.0877222514
-0.0020602719
-0.0225537927
-0.0663338753
-0.0553417851
-0.0502465329
-0.0907268149
-0.0216019927
-0.0757882966
-0.0435544028
-0.0433929917
-0.0679247865
-0.1446539253
-0.1364545698
-0.0820223687
-0.0569089327
-0.0897700442
-0.1355006745
-0.0496717340
-0.1422764092
-0.1213882842
-0.1564257676
-0.2198187071
-0.3167168805
-0.3677660361
-0.2614369572
-0.1267154726
-0.0031138528
-0.0017085710
0.0825558093
-0.0742664785
-0.1329599149
-0.1969716002
-0.2689297655
-0.3886887681
-0.4214267890
-0.3892622609
-0.3236891388
-0.1171289631
-0.0236815698
0.0827524059
0.0793834119
0.0106489285
-0.0894920982
-0.1805008326
-0.3109640100
-0.3262672454
-0.3079346004
-0.3198583906
-0.2961587602
-0.1494691031
0.0567445698
0.0452543021
0.0495575345
0.0174464125
-0.1049548441
-0.2007842567
-0.2361190999
-0.2267690179
-0.2438507905
-0.2537759617
-0.2479720620
-0.1444412820
-0.1395955236
-0.0646547784
-0.0283961889
-0.0893964968
-0.1722978900
-0.2372213236
-0.2126605148
-0.2565148434
-0.2670231920
-0.3044373182
-0.2530428307
-0.0686767701
0.1356020662
0.1640334934
0.1558451714
-0.0117846534
-0.1400884050
-0.1679534524
-0.2168134112
-0.2538099673
-0.2804266877
-0.2548378744
-0.1982757199
0.0434333557
0.1025606664
0.1230566434
0.1331668276
-0.0443446724
-0.0576530043
-0.1670505137
-0.2176678100
-0.1997954073
-0.1188256399
-0.1729817902
-0.0459778840
0.0574005259
0.1131764252
0.1175702602
0.0634662145
-0.0635778014
-0.1582149330
-0.2073334260
-0.1762319252
-0.1220635595
-0.1524706237
-0.0756098009
-0.0829501255
-0.0675386790
-0.0988774525
-0.1177224736
-0.0583046015
-0.0753904672
-0.1077855118
-0.1585270764
-0.1109891338
0.0060234144
0.0432480562
0.0397897488
0.1298220018
0.1296495080
0.1823237967
0.2290933233
0.1816427423
-0.0145748839
-0.0396745486
0.0167289264
-0.0210179430
0.0193339086
0.0197049786
0.0016529437
-0.0404699249
0.0753599631
0.1674927544
0.1655855889
-0.0123403046
0.0283884839
0.0011251076
-0.0051505466
0.0489437922
0.0286024115
0.0111528323
-0.0499517505
-0.0434942686
0.0299582856
0.1122797354
0.1305841403
0.0454061314
0.0600443975
0.0286502267
0.0524527954
0.0493881795
0.0354514024
-0.0172138589
-0.0470765450
0.0203189841
0.0439319767
0.0689125650
0.1457684000
0.2310289262
0.1596262952
0.1285113992
0.0888661940
0.0253744355
-0.0672606650
-0.1135053077
-0.0731934595
-0.0344447089
0.0914268013
0.2039617771
0.2931200455
0.3335796525
0.3093610200
0.1865462336
0.0987291971
0.0066606392
-0.0394866241
-0.0187182749
-0.0346342411
0.0075197523
0.0506687112
0.2427749188
0.1701184722
0.2196811344
0.2005036678
0.0920254807
-0.0084375314
-0.0826612086
-0.0470125653
-0.0953728300
-0.1078051975
-0.0645658215
0.1590178344
0.2767227346
0.3892234622
0.3465294731
0.2064760468
0.0831685106
0.0146398519
0.0303894348
0.0040359556
-0.0448670922
-0.0930106561
0.0565305610
0.0840937218
0.1508071181
0.1788266771
0.0780682410
0.0611864280
-0.0209802665
0.0276834314
-0.0003977830
-0.0371864863
-0.0999411593
-0.0472577780
0.0247733341
0.2093601856
0.1892867654
0.1879238767
0.1171873143
0.0258100225
0.0506955155
0.0060118801
-0.0555456663
-0.1058287191
-0.0809688477
-0.0938757758
0.0490245065
0.1587145204
0.2212777396
0.1502137201
0.0970628595
0.1615083807
0.0474671716
-0.0041897806
-0.0422158710
-0.0311531984
-0.0370508079
0.0029823588
0.0291747731
0.1143822574
0.0180455318
0.0396528934
0.1036017945
-0.0151497065
-0.0129606658
-0.0702527473
-0.0395553344
-0.0861396048
-0.0419853196
-0.0443663173
0.0206208474
0.0574515543
0.1235345294
0.2613215259
0.2520608392
0.1023744954
-0.0041479546
0.0218196104
-0.0479230961
-0.0270412052
-0.0365394974
-0.0576907403
-0.0456019945
0.0648762509
0.2625293695
0.2789760814
0.2746426950
0.0816649194
0.0742625498
-0.0157699358
0.0308657627
0.0113335311
0.0053708994
-0.0794544226
-0.0516930523
0.1432436024
0.2267554913
0.1449660872
-0.0522648004
0.1346028218
0.0141133986
0.0276356222
0.0120558040
-0.0213304892
-0.0575038575
-0.0942771230
-0.0581791303
0.0645322548
0.1436951715
0.1433108011
0.1222219268
0.0359246110
0.0368023642
0.0364290851
0.0060314299
-0.0303081762
-0.0840479916
-0.0568305434
-0.0220209897
0.0862086910
0.1564322982
0.2960572625
0.2576643503
0.2056540468
0.1516488821
0.0532602980
-0.0023250341
-0.0411445543
-0.0341236779
-0.0362770369
-0.0198465918
0.0660869136
0.2112870322
0.2730324500
0.3182042776
0.1816173881
0.0954299120
0.0393837248
-0.0082374361
-0.0029513115
0.0315060397
-0.0459309372
0.0633667341
0.1675375053
0.1942856875
0.1975743845
0.1703577899
0.0765736401
-0.0108305809
-0.0446937114
-0.0161392645
-0.0260219025
-0.0659212070
-0.0115270067
0.0081856358
0.0015314936
0.1436266279
0.1935035257
0.1376409398
0.0491347278
-0.0317591360
0.0043632647
-0.0290631869
-0.0550112947
-0.0816961750
-0.0418920606
-0.0474237208
0.1628211140
0.2089710570
0.2521505707
0.1219965151
0.0020817105
0.0055347119
-0.0506227127
-0.0917323457
-0.1240861516
-0.1000160886
-0.1020984070
-0.0496524281
0.0612622538
0.1004685771
0.1714682627
0.0238119587
-0.0141619816
-0.0975987224
-0.1514545264
-0.1697965474
-0.1138857325
-0.1477110464
-0.0945829770
-0.0712073378
0.0528325072
0.1399566358
0.0857075416
0.1169643766
0.0205459398
-0.0803841033
-0.0918418099
-0.0653884943
-0.0970087702
-0.0578039214
-0.0914617036
-0.1121547906
-0.1478387815
-0.1628859050
-0.0919698016
-0.0699647159
-0.1121741290
-0.1691858806
-0.1282438765
-0.1708893490
-0.1510812810
-0.1465593255
-0.1735990740
-0.1753811291
-0.0575363970
0.0779507017
0.0362502897
0.0203452274
-0.0727138510
-0.0717529734
-0.1225656389
-0.0817416783
-0.0847691380
-0.1018373944
-0.2164654288
-0.2515108843
0.0230261365
0.0319786957
0.1421056828
0.0808449698
0.0412528077
-0.0601651862
-0.0743883211
-0.0938129051
-0.1245187651
-0.2690188787
-0.3256216487
-0.2344469403
-0.0047378491
0.1113197786
0.0910468619
0.1673690110
0.0728968385
-0.0022634789
-0.0655439925
-0.1050570544
-0.2343147451
-0.2952603447
-0.2330641817
-0.2110730746
-0.0316136985
0.0358909703
0.1694597602
0.1811760037
0.1127236302
0.0217647912
-0.0742887435
-0.1979693928
-0.2567731749
-0.2310910469
-0.2726494331
-0.2016812633
-0.0345903759
0.1806482856
0.2525688521
0.2886663681
0.1593417842
-0.0222199266
-0.1328607544
-0.2014044340
-0.1686647747
-0.2069885796
-0.2337448051
-0.2211228655
0.0476808888
0.0624410084
0.1462853986
0.1317120912
0.0374681281
-0.0622973449
-0.1264611914
-0.1081221096
-0.1448201186
-0.1651258741
-0.1828130402
-0.0953903272
0.0498532428
0.1426546686
0.0961386735
-0.1093567355
-0.1117710536
-0.1636534046
-0.0988786585
-0.0927827888
-0.0270012817
-0.0430917270
0.0236211196
0.0060498269
0.1666888719
0.2239108126
0.1532301409
0.0700861993
0.0284500791
0.0377114663
-0.0206444614
-0.0620739258
-0.0390590627
-0.0169860714
-0.0322809372
0.0569092660
0.0618576049
0.0938690482
0.0266937404
0.0104744193
0.0236953218
-0.0275336625
-0.0449458662
-0.0712189044
-0.0459480457
-0.0582761951
-0.0024067412
0.0299291073
0.1596755624
0.0885257993
0.0258703120
-0.0050682476
0.0221851255
-0.0143521159
-0.0426334559
-0.0021790391
-0.0356278297
-0.0055496918
-0.0185150638
0.0974106507
0.0052631073
0.0040159913
0.1077087472
0.0496444024
-0.0034354907
-0.0349971373
0.0306278745
-0.0196327349
0.0363169721
0.0156994628
0.0025171041
-0.0530200266
0.0223025417
0.1654886922
0.2025478840
0.2524856267
-0.0014690555
0.0706284237
-0.0160469027
-0.0113837717
-0.0223595839
-0.0700167045
-0.1003044228
-0.0703315590
0.1285293916
0.1583620002
0.2529566778
0.1595827484
0.1556715840
0.0466885366
0.0420208321
0.0233814803
-0.0083218479
-0.0831419086
-0.1005896884
-0.0447725975
0.0155903363
-0.0066963876
-0.0047422937
0.0588653739
0.0079098802
0.0579102429
0.0329645601
0.0067867847
-0.0403868861
-0.0674372842
-0.0192868061
-0.0115925979
-0.0180234378
-0.0272191906
0.0145066052
0.0197473726
0.0537141171
0.0178921721
-0.0233679916
-0.1077340117
-0.1489219248
-0.1386849004
-0.1574774996
-0.0593993876
0.0192097632
0.1328761755
0.2053550567
0.2792823475
0.1661768104
-0.0058392245
-0.1184543413
-0.1544789952
-0.0986455516
-0.1490105970
-0.1708890006
-0.1572806856
0.0286531452
0.0855576626
0.1633227486
0.1740297603
0.0707405984
-0.0388604729
-0.0946732669
-0.0438786854
-0.0640699596
-0.0872898741
-0.1158424980
-0.0012827703
0.0687286357
0.2632033913
0.2728523401
0.2533266095
0.1344421248
-0.0195646023
-0.0452211679
-0.0634702827
-0.0743205048
-0.0768149574
-0.0488141399
-0.0047174874
0.2095974954
0.2425853831
0.2981077378
0.1827267264
0.0867071380
0.0417109853
-0.0277895692
-0.0393834129
-0.0634522716
-0.0078937131
-0.0469484559
0.1094131711
0.1837276019
0.2817669786
0.2930151614
0.1750529879
0.1361303487
0.0186128518
0.0057178366
-0.0050318673
0.0737205427
0.0301837113
0.0885485114
0.1070354056
0.2603787222
0.1867943378
0.1553993125
0.1633503555
0.1310765945
0.0369273037
0.0131716225
0.0593244645
0.0202311833
0.0688248449
0.0671362451
0.0390384775
-0.0102950513
0.0078437628
0.2219769051
0.1383884943
0.0109330490
-0.0252043364
0.0485934312
0.0210058104
0.0392934071
0.0094242334
-0.0110268754
-0.0250786654
-0.0540609464
-0.0631382533
0.0727614514
0.0308832400
-0.0293487233
-0.0746595812
-0.1804979699
-0.1756461111
-0.2094550764
-0.2678745551
-0.3391720843
-0.3519052397
-0.0648405388
0.0606200500
0.1661957323
0.1099745390
0.0661552903
-0.0744123017
-0.0974211654
-0.1019752337
-0.1589385128
-0.2493408027
-0.2781650208
-0.2138932943
-0.0172181859
0.1401358995
0.1170863742
0.1918740673
0.0823937873
0.0417742048
-0.0122101273
-0.0965294774
-0.1821323044
-0.2557887474
-0.2004776570
-0.1941628452
-0.0007303756
0.0970578872
0.1997878067
0.1970560255
0.1202984298
0.0408019894
-0.0592520506
-0.1394521236
-0.2214796473
-0.1946711811
-0.2468951801
-0.1024669060
-0.0300495556
0.1320882517
0.1997573162
0.2670815319
0.1376842802
-0.0572387339
-0.1676445234
-0.2159362953
-0.1822348822
-0.2202235223
-0.2673776944
-0.1553207922
0.0328182247
0.1696532418
0.2913929703
0.2574975304
0.0440293802
-0.0602846376
-0.1463945310
-0.1408713897
-0.1881989370
-0.2139082778
-0.2069409488
-0.1125562979
0.0527846906
0.2503601794
0.2359270627
0.2304184315
0.0661851787
-0.0873143895
-0.0899454458
-0.1357150774
-0.1523050852
-0.1383272555
-0.1218290395
-0.1324021243
0.0733864407
0.1818045614
0.1981371621
0.2226122995
-0.0214164554
-0.0091996539
-0.0732170704
-0.1035409344
-0.1358224262
-0.0768337045
-0.1156213041
0.0315912053
0.1135444223
0.2154980848
0.2324783133
0.1437877551
0.0727544561
-0.0346200158
-0.1175394858
-0.1386725148
-0.0712865607
-0.1281222777
-0.0489375633
-0.0060013303
0.0654987307
0.2133612247
0.1769772506
0.1979160238
0.0826835830
0.0482465482
-0.0527153665
-0.0239780133
-0.0423661899
0.0059710468
0.0251189266
0.0495209054
0.0338628444
0.0014099488
-0.0056252236
-0.0851396760
-0.1898948636
-0.2079043812
-0.1951991416
-0.2472511005
-0.2578135487
-0.2637441098
-0.3307451697
-0.3307182991
-0.1189021407
0.0391671459
0.0591939576
0.0036201357
-0.1333002757
-0.1043502593
-0.1729793049
-0.1414525472
-0.1490194637
-0.1878254512
-0.2941865531
-0.2512031576
-0.0492855314
0.0527621019
0.0782673185
0.0154367856
-0.0251824667
-0.1349259812
-0.1466545647
-0.1561540815
-0.1754431953
-0.2610714242
-0.2785978864
-0.2374390923
-0.1559706990
0.1394384930
-0.0082181110
0.1032372199
0.0209354692
-0.0236845413
-0.0488806292
-0.0884696893
-0.1683754510
-0.1909631075
-0.2034178180
-0.1762149845
-0.0611453106
-0.0852250253
0.1019563218
0.1187560591
0.1190510349
0.0140838788
-0.0413834830
-0.1459122467
-0.0890498910
-0.0615776917
-0.0888428139
-0.0759072730
-0.0494813619
-0.0021281067
-0.0457594341
0.0244132336
0.0068124480
-0.0022920741
-0.0547236277
-0.1250020218
-0.0618305487
-0.1126233463
-0.1233154394
-0.1104464192
0.0565565399
0.1742853032
0.2979907098
0.2738174209
0.1669522200
0.0442500505
-0.0467138925
0.0035334139
-0.0429202772
-0.0532133881
-0.0944676893
-0.0291001376
0.0781605478
0.2212031930
0.2169676831
0.1467400810
0.0195163210
-0.0389730426
-0.0013440926
-0.0352454825
-0.0572856831
-0.0932591908
-0.0440658585
-0.0486272789
0.0495410595
0.0759580907
0.0368120918
-0.0252143915
-0.0553737039
-0.0213198105
-0.0300677150
-0.0388365942
-0.0559512019
-0.0034362470
-0.0295492124
0.0461571335
0.0543943951
0.0924510998
0.0457886504
0.0188716784
0.0757209907
-0.0029986889
-0.0532124916
-0.0776047251
-0.0217603493
-0.0833255167
-0.0200977025
0.0480758520
0.1493873919
0.2086292703
0.2383883265
0.2506548162
0.0673526029
0.0034334079
-0.0265618295
-0.0491939570
-0.0613673701
-0.0183950675
-0.0213070567
-0.0249202598
0.0349123775
0.1773116227
0.2614109016
0.2043293485
0.1173674490
-0.0371212032
0.0266681534
-0.0595751788
-0.0154201905
-0.0188428615
-0.0555319939
-0.1116720621
-0.0526911445
0.0487636102
0.0757106094
0.0614317214
-0.0153071579
0.0016943714
-0.0546585414
-0.0571878056
-0.0725690292
-0.1186493893
-0.1910514835
-0.2077706811
0.0995024838
0.1047707888
0.1884144998
0.1838703400
0.1178652220
-0.0212519311
-0.0269943646
-0.0329771173
-0.0624816824
-0.1290466562
-0.1755602956
-0.0660185487
0.0468926968
0.1157452414
0.1490797813
0.1020286539
0.0968329891
0.0782913703
0.0007844574
-0.0612729625
-0.1106752836
-0.1532255011
-0.0829174607
-0.1467200849
0.0139964772
0.0673913324
0.1354056524
0.0517615814
-0.0341760838
-0.0473423500
-0.1276081140
-0.2299109457
-0.2585584925
-0.2537698249
-0.2670228177
-0.1477913671
-0.0689542991
0.0724680306
0.1491402611
0.2175852370
0.0799072196
-0.0579154978
-0.1710236846
-0.2380849413
-0.1595920233
-0.1939791570
-0.2928207284
-0.2361932823
-0.0186121531
0.0957415422
0.2779912795
0.2032457361
-0.0065110854
-0.0965824275
-0.2301636469
-0.1861609908
-0.2162985568
-0.2828025115
-0.3252961219
-0.1771618174
0.0004865911
0.2192371798
0.2366358560
0.2461661164
0.0996104655
-0.0659315071
-0.0964888976
-0.1814086204
-0.1895482423
-0.2041373766
-0.1587317329
-0.1621472654
0.0038643917
0.0982025697
0.1812889694
0.0672141010
-0.0405267489
-0.0497459103
-0.1117433146
-0.1458479941
-0.1925589050
-0.1523715915
-0.1749779550
-0.0423153872
0.0677338347
0.2022211784
0.1558091606
0.1097417583
0.0609672915
-0.0653868285
-0.1058333924
-0.2266625148
-0.1960260598
-0.2410159411
-0.2288897228
-0.1215231184
-0.0327007992
0.0382142838
0.0526915114
0.0938435856
-0.0153196778
-0.0858252325
-0.1367943964
-0.1021779168
-0.1442135079
-0.1044039687
-0.1036981879
-0.0690743039
-0.0341637748
-0.0696236232
0.0406665392
-0.1131807898
-0.1024406714
-0.1812918202
-0.2107136558
-0.2396820874
-0.2116214161
-0.2107354273
-0.2422486707
-0.3143567717
-0.1255693581
-0.0363756524
-0.0257481831
-0.0573875905
-0.1631399925
-0.1660344959
-0.2059740180
-0.1649065505
-0.1627312007
-0.1720143404
-0.2731313284
-0.2612983087
-0.1143271930
-0.0599974695
-0.0891176986
-0.0670505288
-0.1045136878
-0.1810652599
-0.1950841824
-0.1956890109
-0.2159297622
-0.3299380040
-0.3570849785
-0.2811222866
-0.0800089915
0.0661017972
0.0162304204
0.1097401761
0.0133924361
-0.0442027942
-0.0806208838
-0.1412290736
-0.2208069465
-0.2682422620
-0.2530791034
-0.2571176243
-0.0193373762
0.0444880744
0.1515899222
0.1636994088
0.1076130137
-0.0109638986
-0.1428684077
-0.2700754637
-0.3190045050
-0.3016581119
-0.3223115320
-0.2303260486
-0.0603823178
0.1075135822
0.1148099305
0.1912214359
0.0659975645
-0.0056323998
-0.1442332610
-0.1840036222
-0.1583421792
-0.1774348491
-0.2481790652
-0.1950064038
-0.0528965033
-0.0514096430
-0.0152773724
-0.0671437176
-0.0815435108
-0.1056977937
-0.1345481843
-0.0939235735
-0.1057630592
-0.0886285479
-0.0614216033
-0.0549276347
-0.0495983234
0.0937763868
0.1698877105
0.1222356374
-0.0796810260
-0.1362024120
-0.0410747149
-0.1182331640
-0.1350155600
-0.2501041173
-0.1964333029
-0.1826638946
0.0133667547
0.1234519549
0.1007634179
0.0974045033
-0.0266027197
-0.0502028980
-0.1014050339
-0.1193669880
-0.1448496310
-0.1055783836
-0.1254478156
-0.0741561119
0.0392761175
0.0395343970
0.1698143703
0.0533681955
0.0123151233
-0.0461008214
-0.1363654262
-0.2106227676
-0.1733469726
-0.2359879975
-0.2160402496
-0.1275343918
0.0728349465
0.1432903818
0.1651960717
0.1889931889
-0.0296156486
-0.0644920185
-0.1793504218
-0.1691069047
-0.2097229240
-0.1995156527
-0.2064487587
-0.1280781456
0.0054213462
0.0938307799
0.1918490972
0.0996460815
-0.0091034811
-0.1494765499
-0.1327238066
-0.1942031920
-0.1706748882
-0.1683806434
-0.1959470828
-0.1848915413
-0.0378762071
0.1603210709
0.1350563616
0.0522631704
-0.0351765540
-0.0027875079
-0.0702382983
-0.0613112512
