0
[ 0.54392486  0.07958291  0.21778347  0.30753395  0.02009961 -0.12784141
  0.2138663  -0.18895367  0.10323691 -0.00072331 -0.03326375 -0.01871107
  0.07743051  0.02748946 -0.00610162  0.00521353  0.02599331  0.02156556
  0.03410737  0.03468113 -0.02080148  0.05174167 -0.05706094  0.07654863
 -0.03180542 -0.10675492 -0.02055972  0.05216364  0.04527378 -0.05058708
 -0.03025986 -0.06508807  0.18986454]
1
[-0.12445626  0.75701154  0.22986587  0.31751311 -0.07757862 -0.03563679
  0.12357556 -0.13046524  0.04111723 -0.03439344  0.07284753 -0.03708903
  0.03780882  0.02090154  0.05644298  0.02290795 -0.00835598  0.04959965
 -0.04579725  0.11659623 -0.00197001  0.02953146  0.07933869  0.0025022
 -0.01513115  0.07158678 -0.00093392  0.0256984  -0.04297887 -0.0848901
 -0.08921364 -0.02037355  0.10912271]
2
[-0.02117674  0.12768783  0.69183832  0.419501   -0.09102731 -0.02553318
  0.11559948 -0.19135006  0.06956823 -0.01213402  0.02825165 -0.02461299
  0.05106626 -0.01256013  0.05255092  0.0438147  -0.02212122  0.00993611
  0.08696248  0.04470321 -0.06051453  0.07955525  0.01687607  0.01725392
  0.02898353  0.02681864 -0.00956578  0.01497837 -0.00128073 -0.0604603
  0.03810669  0.01615207 -0.02680749]
3
[-0.08154133 -0.08855585  0.14589601  0.67367594 -0.0475055  -0.03928978
  0.20867294 -0.19817243  0.09786623 -0.01439853  0.07972237 -0.09307009
  0.09817832 -0.01510304  0.0018275  -0.0340524  -0.06055646  0.0303621
  0.00499538 -0.06039072 -0.04806235  0.01734156 -0.08485532 -0.01244825
 -0.04018497  0.01401504 -0.02034134  0.00245057  0.0179117   0.03256471
  0.02053306  0.06460054  0.03620836]
4
[-0.07924329 -0.0425994   0.14545787  0.37442158  0.46398932  0.22635724
  0.20089324 -0.11556557  0.08643405 -0.06558931  0.04240407 -0.03473924
  0.0310333   0.01527504  0.11441789 -0.0125903   0.05671299  0.02857263
 -0.018983    0.06618906  0.0092193   0.05383282  0.02526227 -0.0027652
  0.04100874  0.05311216  0.12994039 -0.04376129 -0.02130185 -0.0435991
 -0.07692273  0.03525883  0.00370053]
5
[ 0.07361106  0.07870343  0.13380475  0.25152115  0.12091067  0.21393856
  0.07360013 -0.02299646  0.09450166  0.01878485  0.03819349 -0.04197736
  0.06446044 -0.00030046  0.00500203 -0.01149194  0.04628259  0.02789565
  0.02208881  0.05855813 -0.01893769  0.00772244  0.00734748  0.02796446
  0.01836692  0.0057944   0.0082804  -0.01921565  0.01170312  0.02241854
  0.00346466  0.02342629  0.03250297]
6
[ 0.02365059  0.05376157  0.12695082  0.40792651  0.01210285  0.07222553
  0.50861035  0.05915917  0.20677831 -0.05385985  0.06952951  0.00171367
  0.07060589  0.07510627  0.06082729  0.03411076  0.04735423  0.04811465
  0.08985263  0.09862815 -0.00873086  0.03870679  0.05082377  0.0796128
  0.06599566  0.05738034 -0.0173408  -0.00073341  0.0337005   0.09771223
  0.03794487  0.08417533  0.04417073]
7
[ 0.08274446  0.04670619  0.05194981  0.16168345  0.07026968  0.1037782
  0.24481776  0.28964595  0.15439116  0.0606166   0.0334009   0.00447365
  0.05241492  0.01813608  0.03974395  0.01478079  0.02567389  0.02232312
  0.06537052  0.06029004  0.00979772  0.04564971 -0.00652047  0.0377512
  0.01918522  0.01881285  0.03993339  0.04184342  0.0065981   0.00667205
  0.00445478  0.0070677   0.04766994]
8
[ -1.34148881e-01   8.09632096e-02   2.96087584e-01   2.54261844e-01
  -6.49557075e-02   5.40628453e-02   1.22166812e-01  -3.66649046e-02
   7.19027079e-01   1.27519668e-03   5.30160921e-02  -1.59559458e-02
   3.84628643e-02   7.75479948e-02   3.13242959e-02   7.30035799e-02
   4.50140571e-04   5.59533711e-02   4.58121986e-02   1.05543934e-01
  -5.91248735e-02   5.11785345e-02   1.08024354e-02   1.21450309e-01
   3.83480873e-02   8.61751410e-02   1.59211257e-02   7.75911367e-02
  -1.53042236e-01  -9.44219465e-02  -7.50173929e-03   3.35528648e-02
   1.24576136e-01]
9
[-0.09697607  0.11396614  0.13507817  0.36434424  0.00729231 -0.13257585
  0.2230288  -0.19537277  0.1340834   0.44238585  0.25865744 -0.00250546
  0.08895347  0.04040156  0.04630044  0.00849788  0.06864665  0.00177461
  0.05623166  0.04990251 -0.03212303  0.00718627 -0.10468856  0.04830407
 -0.00701652  0.11264178  0.00195515 -0.0135276   0.07063378  0.04874819
  0.04676386  0.00951724  0.00949945]
10
[ -1.34329087e-01   1.02876739e-02  -2.34089703e-02   4.10844938e-01
  -5.76474621e-02   1.65724624e-03   1.94742701e-01  -1.50920526e-01
   2.80472875e-03   1.35407430e-02   6.97778745e-01  -1.78923780e-02
   1.44807229e-02   3.42444264e-02   5.45637492e-05  -1.09502707e-02
   1.95997028e-02  -3.14073131e-02   9.57172141e-03   6.47923142e-02
  -1.95204003e-03   1.77016591e-02   1.72002130e-02  -7.09038570e-03
  -1.30625872e-02   4.95050305e-02   4.59059768e-02   5.34413712e-02
  -1.00591769e-01   4.60928428e-02   1.87889771e-02  -5.04134954e-02
  -1.06978336e-02]

train_error

0 : -0.000665426949251
1 : -0.000950182472833
2 : -0.000981704290296
3 : -0.00107756073007
4 : -0.000594147946519
5 : -0.00100879799012
6 : -0.00112037063434
7 : -0.000669610258042
8 : -0.000847290502859
9 : -0.000934889711468
10 : -0.00110910751202

lms:
0.03008939559170911