0.1036726375
0.0512321069
0.0424185874
0.1463283285
0.2549481923
0.3402269812
0.4361120388
0.4036156478
0.2913739594
0.1824206272
0.0933938349
0.1315464870
0.0977156224
0.0233143800
0.0197244865
0.1606104277
0.2682111855
0.3833632889
0.3942782977
0.3419064113
0.1964640176
0.0698317062
0.1203651450
0.0955870235
0.0560848192
-0.0055835412
0.0548093860
0.1295754042
0.3281627474
0.3493107342
0.3776031956
0.2628010002
0.1439666572
0.1487060480
0.0720885434
0.0125742335
-0.0406349441
0.0166814347
-0.0013761888
0.2151832928
0.3150545624
0.4456212090
0.4746066106
0.3032936938
0.3128907820
0.1392010072
0.1100082780
0.0495579901
0.1183163825
0.0930925747
0.1142589901
0.2027978046
0.3337099982
0.3836189222
0.3249342817
0.3631677705
0.2319282739
0.1620823104
0.0638925229
0.1189759153
0.0774502331
0.0901209503
0.1178731961
0.1676482598
0.2063815126
0.2464619049
0.3432290078
0.2761680738
0.1802069200
0.0435856039
0.0803524956
0.0319065499
0.0975149841
0.1226772215
0.1021064416
0.0824525466
0.1224923414
0.2772871242
0.2095221861
0.1466611755
0.0556447198
0.0759559225
0.0563582322
0.1656497980
0.1506328617
0.0936298874
0.0503904592
0.0188214335
0.0811797868
0.0493135960
0.0572376818
0.0563849193
0.0914294833
0.0716933566
0.0906796814
0.0961574994
0.0292052684
-0.0359658489
-0.0510448474
0.0554543133
0.1538471683
0.2222254255
0.1996462166
0.2491489958
0.1494042632
0.1471272858
0.0952605354
0.0242564380
-0.0360237844
-0.1017776344
0.0010964568
0.0416088508
0.1568985267
0.1792160944
0.2766241261
0.2793533496
0.2548182719
0.1873197242
0.0472654029
-0.0322373249
-0.0877433428
-0.0365105178
-0.0503022089
0.0423815167
0.1827249840
0.3047849754
0.3443538878
0.3778998526
0.3038581527
0.1507622038
0.0404433684
0.0031334466
0.0320789702
-0.0013716834
-0.0052935150
0.0822149030
0.2329400535
0.3177444503
0.4175647636
0.3585466804
0.2120416314
0.1097931516
0.0500131522
0.1021260892
0.0656478785
0.0349512461
0.0146458853
0.0600331582
0.0599778256
0.2753938354
0.2692263748
0.1706599097
0.0440829546
-0.0662621570
-0.0671714051
-0.0943626820
-0.1594584065
-0.2104023033
-0.1538593124
-0.0683147202
0.1694777693
0.2083280701
0.3134443470
0.2116955813
0.0395090071
-0.0051207996
-0.0272897083
-0.0993576994
-0.1201400281
-0.0511661689
-0.0529418011
0.0453987964
0.0879156468
0.0859873938
0.0103634749
-0.0390531376
-0.0246508445
-0.0654603941
-0.0864363747
-0.1034040619
-0.0612648594
-0.0805078639
-0.0337540218
-0.0296981741
-0.0308453183
-0.0755376248
-0.0690281097
-0.0286818624
-0.0870772723
-0.1303549067
-0.1235761382
-0.0834127653
-0.1111923532
-0.0841726003
-0.1040947615
-0.0245075673
0.0336904026
-0.0288666168
0.2006524701
0.0762599953
0.0155457325
-0.1015915401
-0.0898644373
-0.1479088586
-0.1046919186
-0.0972664006
-0.1010214001
-0.0812432419
0.0506017986
0.1857187910
0.1804762111
0.1106926022
-0.0129141621
0.0275199302
-0.0584342987
-0.0260326491
-0.0275868301
-0.0415237510
-0.1042347462
-0.0689267300
0.0894931176
0.1874981767
0.1690290019
0.0760933033
0.1325213198
-0.0115767371
0.0118864556
-0.0022756181
-0.0482257106
-0.1162206809
-0.1342071297
-0.0623182149
-0.0335376795
0.0325448281
0.0413009991
0.1088111035
0.0302311430
0.0678244943
0.0593470045
0.0309114498
-0.0612416767
-0.0993898205
-0.0476095308
-0.0629081217
-0.0058829459
0.1222140351
0.1999020782
0.1728076519
0.1794166670
0.1158484788
0.0312378641
-0.0686179831
-0.1185731159
-0.0577976447
-0.0760391395
-0.0169760172
0.1201548316
0.2531723974
0.2069453922
0.2739116270
0.1503326757
0.0976983612
0.0153952741
-0.0223295712
-0.0067512072
-0.0105942479
-0.0434286120
-0.0794106210
-0.0279999327
-0.0474632496
-0.0667637410
-0.0904744643
-0.1356050865
-0.2325051304
-0.2862399146
-0.2267635382
-0.1834959225
-0.2078837399
-0.2926065842
-0.1324237477
-0.0901834352
-0.0084834638
-0.0181901493
-0.0668271224
-0.1712238626
-0.2611983747
-0.1966389770
-0.2364311108
-0.2815802323
-0.2932114045
-0.1736344694
-0.1388232780
0.0805569536
0.1073637556
0.1192205566
-0.0160732943
-0.2262934900
-0.1522637205
-0.2879870935
-0.3625971936
-0.3942955673
-0.3128416219
-0.3444070523
-0.1361824349
-0.0102384437
0.0997227300
0.0248777826
-0.0851063865
-0.0944545812
-0.1869198088
-0.2234402030
-0.2438591783
-0.1883367205
-0.2100385314
-0.1712667731
-0.1033576346
0.0372680827
0.0328863726
0.0257610717
0.0305047159
-0.0440277159
-0.1227986249
-0.2015242864
-0.1700911456
-0.1822456253
-0.1282278563
-0.1132484365
-0.0948987846
-0.0795181274
0.0089378344
0.0521092272
-0.0125991305
-0.1131414942
-0.2095421249
-0.1571344236
-0.2360668011
-0.1931639291
-0.1958451923
-0.2287381927
-0.1929212294
-0.0702081887
0.0205092023
0.0078556992
-0.0656503606
-0.1491026594
-0.0997973181
-0.1332128961
-0.0834006469
-0.0945644509
-0.1447185005
-0.1973252176
-0.1922898076
-0.1555513464
-0.1704722123
-0.1820743910
-0.2049436996
-0.1521739611
-0.1748975595
-0.1364491918
-0.1239271063
0.0909252501
0.0221654281
0.0004509718
0.0605224776
0.1238110952
0.2315855982
0.2200421993
0.2693426250
0.1853938314
0.1847658259
0.1600105995
0.1077305136
0.0348960487
-0.0098347585
0.0268477785
0.0334244540
0.1654384038
0.2476216558
0.1829763290
0.0798481703
0.1742182436
0.1642149617
0.1665849930
0.0493424692
0.0303576167
0.0647127549
0.0121697445
0.0363597917
0.0884733583
0.1943502652
0.1066551941
0.1932018659
0.1664913800
0.1717967692
0.0446196274
0.0186634084
0.0344244499
-0.0041431732
-0.0096418636
-0.0052337175
0.0053250024
0.0063100940
0.0617972107
0.0754530188
0.0239574984
-0.0366857925
-0.0701944825
-0.0449390096
-0.0662415690
-0.0689339366
-0.0676761710
-0.0151248150
-0.0157215270
0.0823163007
0.1252616593
0.0811451816
0.0094283008
-0.0740911551
-0.0558913058
-0.0487969740
-0.1170119331
-0.2086111420
-0.1321332120
-0.0619552797
0.1572340104
0.1855947826
0.1989308377
0.0974635012
-0.0947029855
-0.1310548647
-0.2252635102
-0.2912990423
-0.3347285425
-0.2590384917
-0.2888208663
-0.0816267615
0.0368948395
0.1730942177
0.1791163896
0.0637072684
0.0661058479
-0.1163058389
-0.1714252473
-0.2247259780
-0.1579624895
-0.2232702661
-0.1186982790
-0.0322469731
0.1579024171
0.1775755495
0.1447201433
0.1975883026
0.0180654126
-0.0971960846
-0.1415287210
-0.0421178078
-0.0679225898
-0.0046594363
-0.0029548603
-0.0099327664
-0.0291498166
0.0056524916
0.1725490912
0.0925330193
0.0391573090
0.0072772386
0.0613181280
0.0093379704
0.0744609392
0.0549500294
0.0413715559
0.0511450817
0.1705978156
0.2938287519
0.3199960148
0.2352776983
0.0805920359
0.1095684917
0.0620727401
0.1102521648
0.0858726590
0.0606678826
0.0046279560
0.0559057128
0.1814276031
0.2104230718
0.2352881905
0.1378208816
0.1498997014
0.0671027017
0.0988943004
0.0785754310
0.0405098454
-0.0132963481
-0.0640434247
0.0449581217
0.1670682204
0.2271940019
0.1671793009
0.2292693081
0.1588091129
0.1494456418
0.1149053427
0.0673489003
-0.0244285569
-0.0727617965
-0.0220908138
0.0532298480
0.1834161192
0.2079026203
0.3072092684
0.2786056826
0.2363045024
0.1760427851
0.0583940796
-0.0056666698
-0.0321081849
-0.0406118985
-0.0601096573
0.0128266688
0.1608559144
0.2761533380
0.2924416294
0.3466599024
0.2544967094
0.1109579470
0.0369306416
-0.0127582507
0.0223088644
-0.0296411186
-0.0664264283
0.0279272414
0.1960645124
0.2621560254
0.3267628329
0.2702280338
0.1820265868
0.0661861733
0.0121963694
0.0362477972
0.0201626275
-0.0487274576
-0.0914098274
0.0414714625
0.1708768433
0.3075051830
0.2902345309
0.1863894076
0.0761549345
0.0042997649
0.0385298301
0.0045182415
-0.0152285703
-0.0272048913
0.0198635302
0.0294252239
0.2128013987
0.2129018603
0.1579063741
0.0725794744
0.0130459721
0.0580473382
0.0187963902
0.0038258907
-0.0298592382
0.0183344008
-0.0025268411
0.1558979095
0.2199043682
0.2826224906
0.2402581130
0.1034986665
0.1177061132
-0.0077678905
-0.0392811255
-0.0534177036
0.0044339839
-0.0419714284
0.0237024501
0.0886210361
0.2024115371
0.1691200937
0.0364857714
0.1511017629
-0.0504137132
-0.0840332521
-0.0472013621
0.0096043273
-0.0073683839
0.0083610084
0.0014528294
-0.0197491649
-0.0563909568
-0.0519640078
-0.0057800386
-0.0459897770
-0.0555236816
-0.0352646300
0.0202001250
-0.0020780392
0.0819673238
0.0627188264
0.0414557008
-0.0055539771
-0.0211023045
-0.0067663878
-0.0356088350
-0.0540473770
-0.1116349416
-0.0405922376
-0.0773428897
-0.0548209947
-0.0576117722
-0.0941259487
-0.1550598798
-0.1307637018
-0.0260785636
-0.0582620516
-0.1014694819
-0.1543862272
-0.1039907966
-0.1777012352
-0.1253672607
-0.1681813168
-0.2534696802
-0.3387373636
-0.3846813925
-0.2062324371
-0.1147064588
-0.0368317023
-0.0185582104
0.0013648570
-0.1222927968
-0.1659241655
-0.1957766386
-0.2977800327
-0.4027164511
-0.4417032271
-0.3855675190
-0.2769233956
-0.1264885653
-0.0037736520
0.0612714233
0.0234282020
-0.0140135411
-0.0958691010
-0.2014017986
-0.3326209450
-0.3502239396
-0.3332552836
-0.3421151697
-0.3010189790
-0.1231514778
0.0490654202
0.0558427214
0.0856891067
0.0112133853
-0.1429574375
-0.2255807634
-0.2567537332
-0.2364051199
-0.2541617099
-0.2660736274
-0.2452490293
-0.1487976125
-0.1471060329
-0.0523624848
-0.0440213232
-0.1039111116
-0.2036631274
-0.2607155293
-0.2156437123
-0.2838057456
-0.3038798653
-0.3465583861
-0.2064224195
-0.0353757346
0.1266646956
0.1537203208
0.0891191162
-0.0751596181
-0.1789081236
-0.1785196917
-0.2353934794
-0.2908620472
-0.3238032350
-0.2616262785
-0.2045271913
0.0504786599
0.1056201839
0.1712206123
0.0412606204
-0.0735963282
-0.0868427370
-0.1910512309
-0.2149992639
-0.2017632817
-0.1540012229
-0.1922779098
-0.0479933757
0.0676562657
0.1345835180
0.0881164931
-0.0035935720
-0.0552607575
-0.1668445357
-0.1956261025
-0.1968871180
-0.1504160049
-0.1570485073
-0.0827823992
-0.0860292877
-0.0974597606
-0.1274158336
-0.1297860534
-0.0721574472
-0.1032998995
-0.1354893216
-0.1829820039
-0.1064551641
0.0043326292
0.0343043127
0.0454326717
0.1169411683
0.1751503925
0.2110280935
0.2094264197
0.1079308425
-0.0168544236
-0.0445272836
0.0151447316
-0.0186910844
0.0256182856
0.0163245069
0.0052294256
0.0271304244
0.1481692954
0.1776113193
0.1609740110
0.0716152415
0.0200858869
0.0084141612
-0.0238587071
0.0324753205
0.0391848878
0.0133916404
-0.0411557014
-0.0079685894
0.0742153214
0.1669049669
0.1464355025
0.0731472736
0.0894080715
0.0385758711
0.0360326411
0.0447298322
0.0345049397
-0.0120759743
-0.0434736723
0.0394552122
0.0933490784
0.1446215520
0.1622645917
0.2031816812
0.1301950947
0.1331431085
0.0969783500
0.0431690926
-0.0725996926
-0.1296450878
-0.0637838683
-0.0299895385
0.1141664133
0.2386824169
0.3006246039
0.2968887989
0.2638313376
0.1988424870
0.1053991793
0.0121055362
-0.0237642256
0.0019189585
-0.0288313473
0.0111103292
0.1006239304
0.2437356900
0.2089924081
0.2423065950
0.1953147631
0.0963624642
-0.0143015514
-0.0862775548
-0.0463464507
-0.1065757709
-0.1090431959
0.0091358966
0.1962703880
0.3061626723
0.3680894505
0.3203349040
0.2050853426
0.0588693447
0.0038783630
0.0348430258
0.0055735732
-0.0388566122
-0.0563662807
0.0609142249
0.1253969469
0.1668241985
0.1321805165
0.1025813502
0.0497491847
-0.0152663933
0.0291206079
-0.0048074092
-0.0504643224
-0.1084109766
-0.0359700075
0.0149773919
0.2201941598
0.1923027670
0.1969577450
0.0962084031
0.0046229590
0.0520424727
-0.0032914894
-0.0611961654
-0.1267754076
-0.0912282725
-0.0940023405
0.1024505751
0.1922699764
0.2151130052
0.1545347082
0.0713485430
0.1201111596
0.0511450750
0.0027757433
-0.0690448165
-0.0316468595
-0.0542242273
0.0071728846
0.0534734780
0.0629214179
0.0414246255
0.0357178182
0.1056450164
0.0467634797
-0.0234560973
-0.0875571501
-0.0671504912
-0.1054346428
-0.0411168241
-0.0359334280
0.0392586038
0.1301805333
0.1884527667
0.2724571137
0.1794436774
0.0566582552
-0.0180135876
0.0029160990
-0.0705134897
-0.0303567439
-0.0438025664
-0.0483653398
-0.0401144173
0.1037082949
0.2675737611
0.2905464698
0.1996754546
0.0464125399
0.0534518750
-0.0311312627
0.0304010495
0.0293767963
0.0026267213
-0.0801362992
-0.0104988791
0.1682568326
0.2137421895
0.0547031538
0.0181292856
0.0970901575
0.0190060806
0.0325071463
0.0116342427
-0.0088134859
-0.0623645408
-0.0678023254
-0.0007191018
0.1070196897
0.1767513818
0.1235135518
0.1423951261
0.0180093212
0.0196072976
0.0286183033
0.0052840295
-0.0296644458
-0.0811990841
-0.0502752893
-0.0017422385
0.1364669962
0.2003080906
0.2637997170
0.2386885400
0.2067930779
0.1412814816
0.0611388653
0.0033647628
-0.0197906779
-0.0165193742
-0.0297582987
0.0587971454
0.1757215226
0.2535734386
0.2332578211
0.2419258139
0.1573099472
0.0990491228
0.0256903170
-0.0138473188
0.0043602482
-0.0136763457
-0.0664288684
0.1178730055
0.2063479731
0.1984157645
0.2068501263
0.1711924889
0.0478585290
-0.0166214770
-0.0438898364
-0.0080347433
-0.0278615931
-0.0406707047
-0.0295165781
-0.0025405048
-0.0088034006
0.1922596473
0.2070067585
0.1021017478
0.0376380571
-0.0528438881
0.0030915081
-0.0358265687
-0.0592162066
-0.0801743137
-0.0562854086
-0.0082862214
0.1880659953
0.2118263644
0.2094640362
0.0966004649
-0.0200907250
-0.0080334390
-0.0501132396
-0.0930103715
-0.1424916944
-0.1111105062
-0.1150062513
-0.0203029398
0.0519677411
0.1582942872
0.1253539955
0.0358949589
0.0065155844
-0.1084138745
-0.1624135116
-0.1865952027
-0.1268077267
-0.1580919222
-0.0867474950
-0.0390345316
0.0899924854
0.1226906150
0.0931170635
0.0943241601
-0.0254085430
-0.0904826787
-0.1055552662
-0.0873017882
-0.1180086399
-0.0799847150
-0.1004002526
-0.1158148292
-0.1528373937
-0.1527720986
-0.0615577002
-0.0668491329
-0.1484662759
-0.1807726820
-0.1448427571
-0.1913475052
-0.1712066564
-0.1600613320
-0.1634478517
-0.1442941218
-0.0311021987
0.1073889442
0.0130270247
-0.0124575830
-0.1127711474
-0.0969203389
-0.1442175324
-0.0817165911
-0.0753003748
-0.1044170568
-0.2209579560
-0.1868204764
0.0256453301
0.0718775946
0.1085970924
0.0679391585
0.0357975196
-0.0839942095
-0.0675787877
-0.0797085484
-0.1515312344
-0.2844614801
-0.3300202938
-0.1904456477
-0.0017089339
0.1031878652
0.0862871680
0.1367267506
0.0160462888
-0.0217103841
-0.0612466795
-0.1065655146
-0.2479824726
-0.3175115983
-0.2376371292
-0.1744973504
-0.0290501861
0.0782479345
0.1530612791
0.1353274917
0.0784230380
0.0195085474
-0.0910127149
-0.2024532851
-0.2643462572
-0.2344122052
-0.2596026619
-0.2014403569
0.0412537088
0.1954330897
0.2304312221
0.2374818825
0.1340913022
-0.0514752493
-0.1485594267
-0.2196447820
-0.1838848515
-0.2251551418
-0.2466175628
-0.1239664692
0.0478989166
0.1027942700
0.1574095625
0.1206655896
0.0143553705
-0.1029946622
-0.1758121558
-0.1239918638
-0.1627897052
-0.1761832796
-0.1929401012
-0.0586955011
0.0647995187
0.1171536690
0.0140526107
-0.0585891073
-0.1111533866
-0.1468243825
-0.0888856443
-0.0899569435
-0.0355830962
-0.0432803676
0.0220251495
0.0504768096
0.2041561205
0.1850745424
0.1281443936
0.0784260709
0.0285612824
0.0366966956
-0.0109898657
-0.0483710322
-0.0663201670
-0.0280708775
-0.0316522093
0.0622739350
0.0752668966
0.0816306814
0.0501416885
0.0031085036
0.0202300368
-0.0324793415
-0.0491705734
-0.0946140471
-0.0680063819
-0.0803479425
0.0102483443
0.0716283489
0.1132612921
0.0481217160
0.0328861986
0.0455691410
-0.0068136890
-0.0145828997
-0.0548189666
-0.0180298067
-0.0464486390
-0.0159284931
0.0045622800
0.0353461003
0.0093506296
-0.0149821450
0.0909177947
0.0043587397
-0.0307469320
-0.0518354866
0.0141907271
0.0014310261
0.0107472032
-0.0169330958
-0.0283686275
-0.0205464373
0.0161140813
0.1434789704
0.1879678963
0.1242087148
0.0268573243
0.0556183251
-0.0192766580
-0.0313730413
-0.0486684559
-0.0866087391
-0.0961477140
-0.0559700197
0.1218281452
0.1970412514
0.2138252884
0.1150781834
0.1410331348
0.0457528654
0.0364476602
0.0181060959
-0.0212999360
-0.0836882440
-0.0828496478
-0.0197871681
-0.0110571328
-0.0065954004
0.0095826461
0.0422099772
-0.0050921928
0.0526982391
0.0336809768
-0.0075133079
-0.0496077397
-0.0742429671
-0.0183267933
-0.0242577371
-0.0082923009
-0.0371899482
0.0371960442
0.0427528091
0.0268657676
0.0107934193
-0.0419061432
-0.1258579697
-0.1781923258
-0.1474578735
-0.1426213697
-0.1064163092
0.0473832898
0.1588954504
0.1846571519
0.2270902026
0.1580074497
-0.0224848092
-0.1140459763
-0.1718570346
-0.1107699124
-0.1626926433
-0.1591666521
-0.1056288612
0.0246155873
0.1343674107
0.1962316199
0.1653236586
0.0635686302
-0.0467007851
-0.1023854017
-0.0447692705
-0.0750514565
-0.0896150740
-0.1154842839
-0.0024428158
0.1037741335
0.2424255455
0.2651624116
0.2299084434
0.0769073416
-0.0321132667
-0.0287498074
-0.0597226227
-0.0660231252
-0.0961950562
-0.0406067823
0.0285208727
0.2258729088
0.2596227233
0.2997859097
0.1908388115
0.0693789129
0.0523191434
-0.0259524507
-0.0289963248
-0.0871137193
-0.0238522352
-0.0370123790
0.1342096819
0.2081074261
0.3059887298
0.2748238202
0.1505026551
0.1645149309
0.0322080607
0.0349787899
0.0003946811
0.0639752230
0.0487765226
0.1113754464
0.1478408989
0.2331409986
0.1970627514
0.1994093175
0.1684733267
0.1142972713
0.0573043133
0.0108306536
0.0495728686
0.0152120970
0.0728065138
0.0760206739
0.0313355906
0.0033214377
0.0191445921
0.1919529955
0.0988926646
0.0228900689
-0.0277266664
0.0877842492
0.0290682222
0.0240015411
0.0142331622
0.0085092781
-0.0392486146
-0.0753356118
-0.0041929929
0.0371900014
0.0012570113
-0.0854498596
-0.1296283420
-0.2620943826
-0.1852298352
-0.2102170010
-0.2743508071
-0.3392325335
-0.2770572031
-0.0351697380
0.1021028054
0.1495604781
0.0441683132
0.0592839055
-0.0803734486
-0.0829260397
-0.1022016827
-0.1594881436
-0.2689243288
-0.3005785431
-0.1751133095
0.0359332814
0.1474751434
0.1079974143
0.1591061482
0.0552186222
0.0420808758
-0.0085481269
-0.0836647826
-0.2050852388
-0.3024017939
-0.2114735905
-0.1483079621
0.0255275874
0.0992917464
0.1856543320
0.1370326945
0.1050199123
0.0330911305
-0.0959472997
-0.1748892706
-0.2386027708
-0.2003947270
-0.2351561097
-0.1458070915
0.0271647781
0.1516606750
0.1890922812
0.2171524144
0.1241043045
-0.0803789871
-0.1842164242
-0.2387408216
-0.2056057388
-0.2512788500
-0.2912567046
-0.1047224411
0.0572877591
0.1820259740
0.2593251835
0.2210642311
0.0589032100
-0.0862215041
-0.1697525476
-0.1415263250
-0.1964066863
-0.2526791400
-0.2192461819
-0.0726744463
0.0562516570
0.2518572675
0.2374849734
0.1620458131
0.0000035463
-0.1193184717
-0.0831826408
-0.1430643342
-0.1853744361
-0.1808510306
-0.1248472634
-0.0640190797
0.1311805137
0.1665988758
0.2148310148
0.1456462799
-0.0141858098
-0.0129938840
-0.0667251007
-0.1049155557
-0.1472877012
-0.1058785926
-0.1388226295
0.0406585704
0.1359190356
0.2456201877
0.2286789366
0.0938882342
0.0795000116
-0.0413176096
-0.1289376023
-0.1509233204
-0.0885623567
-0.1366976166
-0.0257392498
0.0412884420
0.1509624001
0.2374232715
0.1778742662
0.1690637851
0.0916486747
0.0450973648
-0.0576608318
-0.0311260423
-0.0781958380
0.0252453975
0.0425800940
0.0721800201
0.0364258224
-0.0349312914
0.0211620503
-0.1477545730
-0.2016193516
-0.2513802238
-0.2050616750
-0.2795048843
-0.2584631490
-0.2487606566
-0.3100249385
-0.2367338597
-0.1036145024
0.0282822542
0.0302222263
-0.0496332052
-0.1660753474
-0.1309516358
-0.1597794744
-0.1649669925
-0.1627756171
-0.2101808006
-0.3083025396
-0.2250071196
-0.0586795759
0.0286342780
0.0535556104
-0.0381386685
-0.0390558697
-0.1737918665
-0.1512304115
-0.1478729620
-0.1866796775
-0.2876543511
-0.2715264304
-0.2014578226
-0.0263685062
0.0309509854
0.0162843122
0.0591188515
-0.0094836293
-0.0174945284
-0.0466484808
-0.1140812883
-0.1902554435
-0.2153618160
-0.2015386472
-0.1546329029
-0.0609687181
0.0168694057
0.1094991592
0.0740007533
0.0746515473
0.0101102553
-0.0663028390
-0.1427294826
-0.0867467667
-0.0584559650
-0.0842038439
-0.0476771586
-0.0509717553
-0.0272125229
-0.0444056900
0.0106634086
0.0039078773
-0.0034143442
-0.0624873006
-0.1399577942
-0.0665170714
-0.1355189211
-0.1280100074
-0.0780694092
0.0755523469
0.1980406520
0.2816987481
0.2539876085
0.1201538139
0.0486660499
-0.0328897911
-0.0046979570
-0.0461165852
-0.0641165367
-0.0843710358
0.0148797706
0.0952375519
0.2444669928
0.2094133231
0.1157014034
0.0143280411
-0.0421630621
-0.0030207777
-0.0387109997
-0.0575480432
-0.1051625824
-0.0461374998
-0.0061556312
0.0717487052
0.0523364053
0.0194014180
-0.0412697496
-0.0665203331
-0.0269595629
-0.0382477562
-0.0427608071
-0.0632700947
-0.0195660455
-0.0275554018
0.0444652533
0.0593401550
0.0931360454
0.0564054287
0.0515735503
0.0884634677
-0.0186171536
-0.0554061165
-0.0772111069
-0.0503581225
-0.0884514987
0.0090541344
0.0684484818
0.2018411085
0.2274392642
0.2156847223
0.2134993141
0.0433367878
0.0000004871
-0.0649785307
-0.0544641005
-0.0568337710
-0.0304932329
-0.0332082819
0.0389058252
0.0791750861
0.1643927978
0.2409659534
0.1234984896
0.0168715234
-0.0296335395
0.0145651166
-0.0564350496
-0.0102123843
-0.0173361393
-0.0451833077
-0.0987372995
-0.0512732966
0.0675401286
0.1038223491
0.0859083025
-0.0489469658
-0.0026004311
-0.0417777311
-0.0717484340
-0.0907183547
-0.1349071714
-0.1933662650
-0.1465284929
0.1164991656
0.1362696821
0.1767568746
0.1215275221
0.0890220163
-0.0466262733
-0.0197296720
-0.0359331762
-0.0767049890
-0.1599422904
-0.1878918583
-0.0458911799
0.0519469417
0.1140322686
0.0943611669
0.1044322753
0.0585464750
0.0413395538
-0.0007609463
-0.0304347488
-0.1198069767
-0.1600619667
-0.0933846666
-0.1042839453
-0.0169504030
0.0408630820
0.0772048013
-0.0767287555
0.0010610174
-0.0303285824
-0.1347432220
-0.2420827065
-0.2937110643
-0.2655146521
-0.2616353286
-0.1576286324
-0.0295806955
0.0813547087
0.1271900874
0.1546764180
0.0488743620
-0.0736853894
-0.1679234206
-0.2361331237
-0.1764674002
-0.2178532514
-0.2658360479
-0.1809398011
0.0014460595
0.0992974422
0.2256262260
0.1844923368
0.0055323775
-0.1392573470
-0.2383436147
-0.1941837459
-0.2221993060
-0.3113152851
-0.3112794467
-0.1347173744
0.0471500840
0.2213316773
0.2350873021
0.2023655926
0.0285336532
-0.0916951437
-0.1072564003
-0.1846048925
-0.2221850413
-0.2307031197
-0.1563525874
-0.1163817670
0.0623166711
0.1368893911
0.1495229587
0.0302842013
-0.0746754241
-0.0536590280
-0.1180250320
-0.1656538762
-0.2180613651
-0.1495657611
-0.1883165821
0.0003672898
0.0948402515
0.2135919954
0.1756519733
0.0716193216
0.0605981941
-0.0785892801
-0.1319574489
-0.2447812592
-0.1982942569
-0.2697278265
-0.2103732773
-0.0892372281
0.0238298123
0.0604322500
0.0161083785
0.0896601641
-0.0402354813
-0.0992196675
-0.1592066605
-0.1210550192
-0.1571030757
-0.1063840950
-0.0860873870
-0.0399808598
-0.0434327563
-0.0435582858
0.0462922391
-0.0947881933
-0.1420932338
-0.2249486661
-0.2349834281
-0.2782635742
-0.2102431610
-0.1862036543
-0.2228209364
-0.2652658813
-0.1363965799
-0.0321090463
-0.0264486590
-0.0865597386
-0.2146856101
-0.1820720379
-0.2267331663
-0.1729173524
-0.1602132906
-0.1783074830
-0.2628160184
-0.2036766785
-0.0929520761
-0.0248521483
-0.0238488827
-0.1118741212
-0.1255037244
-0.2147034376
-0.2100244725
-0.1995281101
-0.2336573203
-0.3576101587
-0.3814984380
-0.2555339781
-0.0492507478
0.0376236376
0.0157527249
0.0743817225
-0.0534804846
-0.0492244783
-0.0754605650
-0.1589678048
-0.2417117202
-0.2780857354
-0.2605333267
-0.1772414562
-0.0112714794
0.0797263497
0.1425137880
0.1163528803
0.0659073268
-0.0012540640
-0.1261539614
-0.2899204864
-0.3401949192
-0.3194003868
-0.3376964771
-0.2508470090
-0.0133394538
0.0922415819
0.0971287271
0.1119438976
0.0662092345
-0.0413848841
-0.1544256741
-0.1930533573
-0.1758755979
-0.2211506975
-0.2475195833
-0.1823456991
-0.0509052790
-0.0760064024
-0.0374470513
-0.0730425767
-0.0822089497
-0.1272485918
-0.1496113815
-0.0937860911
-0.0992512235
-0.0883071229
-0.0952117403
-0.0744754475
-0.0621460062
0.1538143474
0.1777706776
0.1075824373
-0.0500627435
-0.1569581319
-0.0414577203
-0.1141312889
-0.1191503683
-0.2796773906
-0.1875217840
-0.1163850994
0.0769990646
0.1356680926
0.1749106730
0.0630176896
-0.0792566414
-0.0649595453
-0.1104363956
-0.1265307141
-0.1592154682
-0.1319176746
-0.1270895788
-0.0247620456
0.0299093312
0.1062314382
0.1011677972
-0.0102587195
0.0170035199
-0.0797481516
-0.1917927665
-0.2437858226
-0.1950717439
-0.2658983116
-0.2194728131
-0.1016837726
0.1098649636
0.1643562289
0.1427518019
0.1613868077
-0.0093273579
-0.0637083731
-0.2282276836
-0.1918455598
-0.2678809458
-0.2313441431
-0.2016600333
-0.1130032709
0.0184386251
0.0817926106
0.1836253528
0.0807568991
-0.0776983454
-0.1870344944
-0.1392270755
-0.2114981395
-0.1849234800
-0.1715207308
-0.1860162996
-0.1511967040
0.0010892602
0.1743421168
0.1080092471
0.0481420081
-0.0450631052
-0.0246288285
-0.0800006504
-0.0567318101
