0
[ 0.42244013  0.04907621  0.11503868  0.00850473 -0.08231613 -0.00742078
  0.07314621 -0.08007749  0.09489984  0.05388096 -0.02346962  0.22260585
 -0.01411328  0.04132478 -0.00805143 -0.01729117  0.08793475  0.06816017
  0.0518995  -0.01799516 -0.04544639  0.03870519]
1
[ 0.04721677  0.35105789  0.05994034 -0.02163817 -0.02628091 -0.0038059
  0.03109671  0.01781669  0.01112758 -0.01209421  0.07624911 -0.04335166
  0.40143211  0.11506852  0.00139949  0.02280065  0.02305739 -0.00290698
 -0.04137142 -0.00773427  0.09260722 -0.01550594]
2
[-0.01465774  0.0656417   0.33275707 -0.08238039 -0.04256833  0.03198414
  0.02023573 -0.03243166  0.11241701  0.03790777 -0.04040163  0.11778186
  0.00812366  0.43438416  0.00737832  0.02343474  0.03347489 -0.02898028
 -0.03581495 -0.10401314  0.01596882  0.03310492]
3
[-0.08349367 -0.04375013  0.00313135  0.29430457 -0.00755121  0.00474556
  0.09298361 -0.00650646  0.00298246 -0.03570142 -0.02161346  0.27123433
 -0.02648713 -0.00415821  0.39232056  0.07402741 -0.00610874 -0.11093934
 -0.03440118 -0.10238825  0.00204996 -0.05611374]
4
[ -8.45148720e-02   1.23489503e-02   1.55636931e-02   8.35715530e-02
   3.26899260e-01   2.11473938e-01   1.19299741e-02   5.06211990e-02
   5.93272990e-02  -1.07911579e-04  -4.71152087e-02   4.39084235e-02
  -8.28899089e-03  -3.07010155e-02  -2.08945707e-03   4.11898214e-01
   8.04804978e-02   2.22100365e-02  -4.59996751e-02  -2.81794547e-02
   4.81997123e-03   8.67773932e-02]
5
[-0.12281822 -0.05192301  0.09452495  0.10711999  0.00233015  0.34939856
  0.04841076 -0.05070176  0.02987918  0.12877351 -0.0051881   0.06188626
 -0.06102617  0.01906921 -0.07268241  0.17931188  0.47138863 -0.06271951
  0.0194347  -0.01953426 -0.0119116   0.00823351]
6
[-0.01814453  0.02625199  0.09297706  0.04648432  0.00916861 -0.01756641
  0.33496195  0.08445933  0.08747834 -0.04554135 -0.08962341  0.04383128
 -0.09580921 -0.01353515 -0.03744734  0.00927525  0.12657776  0.30792521
  0.10847259  0.00053514  0.16412737 -0.01078094]
7
[-0.0080641  -0.04413661  0.00367105 -0.02832968  0.01202895  0.00559094
  0.08591305  0.45008811  0.06426496  0.02595609 -0.02049853  0.10407345
  0.00727896 -0.01687189 -0.02809113 -0.00319375  0.02265052  0.02779573
  0.31111862  0.00888364 -0.01111037  0.02270202]
8
[ 0.05031973  0.02455877  0.0916518   0.0438732   0.05560649 -0.01043036
 -0.03169332 -0.03686518  0.4190434  -0.01976323 -0.04151651  0.16837175
 -0.02745972 -0.07872686 -0.00188364 -0.04330153  0.00960954  0.01837442
  0.11074699  0.38200416  0.06365423  0.02456617]
9
[ 0.06819307  0.02924165  0.01208771  0.09852315  0.00715917 -0.11302504
  0.06387687 -0.01277728  0.00657902  0.27652033  0.05987523  0.02955313
  0.02448675 -0.04364063 -0.05045034  0.00870336  0.10418183 -0.0498994
 -0.03895675  0.07992136  0.45074519  0.02781749]
10
[ -4.06332132e-02  -4.31706011e-02   2.52067825e-02   7.42908736e-02
  -3.47674976e-03  -1.41250881e-02   3.34356117e-02  -1.01304498e-02
   2.24553851e-02   3.33482545e-02   3.29874609e-01  -4.71837334e-02
   3.39130889e-02  -7.67321108e-02  -5.46309950e-02   3.17611031e-02
   7.08175721e-05  -2.59844762e-02  -1.63716258e-03  -6.87173543e-02
   1.84578519e-01   4.91453868e-01]

train_error:
0 : -0.000366063596044
1 : -0.00023182582692
2 : -0.000267030052042
3 : -0.00028002031198
4 : -0.000186140405882
5 : -0.000195277264757
6 : -0.000263672406855
7 : -0.00021911525987
8 : -0.000356943082221
9 : -0.000332649654028
10 : -0.000278195887118

rms:
0.0164508462002