0
[ 0.47606206  0.09093433  0.28523414  0.23615808 -0.06336821 -0.11911531
  0.32551815 -0.29801213  0.22296333 -0.03509617  0.00586006]
1
[-0.25428253  0.91359183  0.26734104  0.35467671 -0.11037366 -0.08619099
  0.26252995 -0.31782549  0.2231069  -0.10708763 -0.02195316]
2
[-0.20489123  0.12326442  0.77337554  0.3811551  -0.08209908 -0.08891139
  0.12733137 -0.2965691   0.36447709 -0.01652397  0.01164509]
3
[-0.1415886   0.035986    0.11248708  0.99360388 -0.10259197 -0.11011258
  0.3186315  -0.3651437   0.21772387 -0.15713332  0.13674126]
4
[-0.14696897  0.04228815  0.11449617  0.42929819  0.42177031  0.29554453
  0.20904706 -0.16811086  0.18689936 -0.17065579  0.11274108]
5
[-0.01425291  0.05907253  0.1697833   0.44487509  0.03528462  0.34606782
  0.17196461 -0.20094371  0.25750485 -0.02709351  0.01834391]
6
[-0.04088464  0.25029932  0.13797817  0.49181723 -0.15827242 -0.08703092
  0.80803892 -0.10623807  0.47638179 -0.32105295 -0.03905151]
7
[ 0.02495704  0.07970775  0.04184849  0.23215829 -0.05786967  0.07779857
  0.27890341  0.40185093  0.20418754 -0.036381    0.02700919]
8
[-0.19375725  0.08077727  0.40819721  0.28790673 -0.11470316  0.0617232
  0.19013615 -0.07045968  0.7868031  -0.11469446  0.04504156]
9
[-0.11328135  0.08539487  0.21202987  0.39977667 -0.12440128 -0.0530493
  0.37242443 -0.38241769  0.2451014   0.39658039  0.21539045]
10
[-0.1991056  -0.01244352  0.05418053  0.37360193 -0.14567582  0.0178645
  0.3207657  -0.32004182  0.14809993 -0.00494013  0.77341172]

train_error
0 : -0.000680181523483
1 : -0.000891537297341
2 : -0.00124278373553
3 : -0.00107737795569
4 : -0.000638463439515
5 : -0.000873899810087
6 : -0.00102558901443
7 : -0.000603305923792
8 : -0.00104195722415
9 : -0.00114390321264
10 : -0.000982144898467

lms:
0.0304528607928