0.1033879360
0.0535428744
0.0269823274
0.0919340633
0.2490060989
0.3110190927
0.4199817756
0.4040710446
0.2799879651
0.1539687410
0.0698847809
0.1320969281
0.0881836883
0.0387472499
-0.0155649267
0.1106477534
0.2162979587
0.3567674971
0.3811281019
0.3172027722
0.2158181378
0.0678645308
0.1278246617
0.0961651481
0.0575390576
0.0107016555
0.0393400303
0.0702944071
0.2979915542
0.3393637826
0.3900919272
0.2583481366
0.1607911519
0.1472783538
0.0685953861
0.0232788305
-0.0266314810
0.0300651392
0.0008193887
0.1615227346
0.2692867416
0.3853079950
0.4282927587
0.3149421878
0.3202972517
0.1125859518
0.1034356411
0.0288551479
0.1114968397
0.0941572748
0.0772998225
0.1596723179
0.3109121616
0.3454740843
0.3016054040
0.3706407766
0.2827068310
0.1911692827
0.0615790728
0.1303318238
0.0816577331
0.1006526042
0.1014561349
0.1333587728
0.1656585294
0.1915494030
0.3186892185
0.2657645498
0.1996809157
0.0958172486
0.0821291358
0.0505706683
0.1156583582
0.1227344247
0.0841216166
0.0556757145
0.0922591342
0.2470687108
0.2007362983
0.2007439030
0.0923846890
0.0946327003
0.0806135284
0.1790087060
0.1517858649
0.1065988110
0.0794677968
0.0381771429
0.0909009858
0.0659669250
0.0387466339
0.0480416937
0.1045801773
0.0797269521
0.1182727847
0.0970362586
0.0450411371
-0.0226497064
-0.0854319134
-0.0020619340
0.1153994127
0.1915592501
0.1511704315
0.2495427996
0.1801655748
0.1769925618
0.1055796626
0.0394360998
-0.0024713927
-0.0676403492
-0.0011314697
-0.0037878511
0.1253133565
0.1431003037
0.2774384280
0.3048683627
0.2698665504
0.2051704769
0.0732393185
-0.0303540331
-0.0766994964
-0.0309062089
-0.0516605216
-0.0424942445
0.1212624492
0.2902499465
0.3468123397
0.4355287143
0.3164006564
0.1842882173
0.0413830077
-0.0077305509
0.0279241496
-0.0044917316
-0.0068140411
0.0355533242
0.1941502832
0.2745809590
0.4098632436
0.3736013689
0.2463273061
0.1024377766
0.0446921420
0.1061019251
0.0830673592
0.0387393154
0.0066624654
0.0844611298
0.0543317216
0.2942924388
0.2690227933
0.1712467793
0.0662771064
-0.0613308287
-0.0715628501
-0.1211414543
-0.1455608750
-0.2003900061
-0.1585558109
-0.1172585347
0.1457996461
0.1863372135
0.2972758151
0.2154793299
0.0647215396
-0.0019721404
-0.0005980723
-0.1025400488
-0.1264993597
-0.0467413111
-0.0601290407
0.0417591898
0.0838558198
0.1417101844
0.0191872185
-0.0260154363
-0.0171780877
-0.0552234420
-0.0722025508
-0.0900929716
-0.0434418179
-0.0726267102
-0.0333092490
-0.0193356350
-0.0139440570
-0.0615467863
-0.0644095261
-0.0341035852
-0.0721865265
-0.1213488814
-0.1153852068
-0.0711004390
-0.1011686931
-0.0584035532
-0.0876725104
-0.0687444194
-0.0127916748
-0.0163376044
0.1845129838
0.0996657514
-0.0128888334
-0.1329862989
-0.0723739442
-0.1307995373
-0.0909287583
-0.0931030641
-0.1049945096
-0.1305387087
-0.0056404721
0.1492058276
0.1638444012
0.1085466032
0.0099842108
0.0324009909
-0.0475111410
-0.0159893100
-0.0165020199
-0.0207714273
-0.1052195443
-0.1157585906
0.0609235220
0.1493775698
0.1821832746
0.1002031526
0.1619376150
-0.0037774437
0.0284274911
0.0064385501
-0.0302873530
-0.1055753422
-0.1173783228
-0.0847368557
-0.0674116117
-0.0031053856
0.0062232948
0.1180102922
0.0413838485
0.0858365996
0.0531251266
0.0339748871
-0.0433169756
-0.0911782102
-0.0530155206
-0.0605636290
0.0014764794
0.0212202488
0.1973906107
0.1966301565
0.2240877958
0.1222425943
0.0397771460
-0.0541521928
-0.1147072162
-0.0462699821
-0.0692803740
-0.0428156647
0.0788726874
0.2403137122
0.2345153388
0.3086978300
0.2008829779
0.1303736814
0.0378296782
-0.0244599916
-0.0019948201
-0.0001453706
-0.0074041122
-0.0730933622
-0.0405105024
-0.0834332990
-0.0482154432
-0.0941589934
-0.1119737223
-0.2069598238
-0.2658911899
-0.2120640648
-0.1581906171
-0.1947854774
-0.2550934140
-0.1644800189
-0.1461925986
-0.0200717180
-0.0185468465
-0.0654475114
-0.1442165017
-0.2501831023
-0.1843474816
-0.2019534813
-0.2623099696
-0.2722135152
-0.1954409290
-0.2212558531
-0.0045461293
0.0903655298
0.0987306411
0.0010823585
-0.1451665710
-0.1430259933
-0.2819472136
-0.3379406117
-0.3823796923
-0.2927514261
-0.3519673185
-0.2141391358
-0.0375753168
0.0759457498
0.0447139747
-0.0352407185
-0.0492887007
-0.1526072334
-0.1863689498
-0.2033918469
-0.1685189363
-0.2010431690
-0.1806586987
-0.1387058837
-0.0035609139
0.0203540087
0.0251776955
0.0466580629
-0.0160095107
-0.0981635942
-0.1785875307
-0.1501656495
-0.1631552024
-0.1119258021
-0.0992867344
-0.0836195248
-0.1075611267
-0.0408025638
0.0440729300
0.0371917625
-0.0837354715
-0.1999806576
-0.1293514312
-0.2213066587
-0.1573401163
-0.1742616658
-0.1791785093
-0.2562108537
-0.0866829322
-0.0131372690
0.0154954152
-0.0201726306
-0.1056820483
-0.0809625149
-0.1287383382
-0.0793019808
-0.0822709311
-0.1167169452
-0.1731716758
-0.1941142183
-0.1448894557
-0.1431409504
-0.1768523563
-0.1683591147
-0.1376758112
-0.1673480044
-0.1276080792
-0.1239271063
0.0936278517
0.0292882531
-0.0065969541
0.0331195370
0.0920233601
0.2138039081
0.2038324718
0.2989895480
0.2265859865
0.1984027648
0.1593520473
0.0965377441
0.0281369545
-0.0082496614
0.0110108320
-0.0132998304
0.0900252944
0.2839110128
0.2424662529
0.1268739022
0.1979296440
0.1609079426
0.1589232123
0.0651850737
0.0568499091
0.0658477236
-0.0013603561
0.0369235876
0.0462952577
0.1789322532
0.1342928893
0.1946285323
0.1670778634
0.1385547712
0.0349378240
0.0016466503
0.0291702381
-0.0122767911
0.0130327973
0.0443128210
0.0346358778
0.0290517146
0.0679694451
0.0735778295
0.0424709312
-0.0167142634
-0.0393987406
-0.0234308501
-0.0501557540
-0.0504663226
-0.0515921095
0.0018299767
0.0130221388
0.0692985887
0.1149975354
0.1167512658
0.0378238002
-0.0901150532
-0.0534762095
-0.0519260569
-0.0905253380
-0.1980849944
-0.1274483554
-0.1338473141
0.1060405067
0.1530736867
0.1830686601
0.1255865873
-0.0411541145
-0.1166247204
-0.2163986176
-0.2669709058
-0.2992022645
-0.2494931914
-0.3075439911
-0.1520633024
0.0154094757
0.1345550678
0.1726830563
0.1207168201
0.0872400803
-0.1257481681
-0.1299625289
-0.1819571075
-0.1415461372
-0.1916576746
-0.1130360802
-0.0733115570
0.1160743780
0.1534755125
0.1321282496
0.2070180747
0.0489551323
-0.0758177327
-0.1437822103
-0.0340162546
-0.0625493485
0.0175577474
-0.0024662783
-0.0106141635
-0.0184907513
0.0043908833
0.1237170852
0.1026884652
0.0720559183
0.0220100437
0.0787772313
0.0068730197
0.0787534803
0.0683388885
0.0334488985
-0.0002550457
0.1095993536
0.2808929263
0.3286308609
0.2721827109
0.1045418057
0.1196109370
0.0700492582
0.1201709925
0.0959726850
0.0869171697
0.0184035274
0.0103036443
0.1710401644
0.1756821862
0.1800551555
0.1247206208
0.1626586306
0.0978875133
0.1203603819
0.0908724534
0.0523158838
0.0092529100
-0.0692824811
-0.0008004015
0.1264367932
0.2305843414
0.1549353519
0.2372836800
0.1731355200
0.1626475542
0.1116308424
0.0906313353
-0.0095320845
-0.0625859529
-0.0145215799
0.0159856230
0.1680545615
0.1818587003
0.2821397548
0.3125484893
0.2537752758
0.1787313843
0.0695156326
-0.0040518905
-0.0499263822
-0.0386682648
-0.0877733929
-0.0508869076
0.1140753100
0.2645651848
0.2966259535
0.4002698870
0.2811250836
0.1432803641
0.0360164747
-0.0013612652
0.0279648617
-0.0282590883
-0.0671360890
-0.0459814483
0.1861739153
0.2615913886
0.3248513319
0.2935391754
0.2028626643
0.0887431493
0.0197803650
0.0551116280
0.0474972766
-0.0153879648
-0.1030069271
0.0156341578
0.1493695073
0.3151416976
0.2985747220
0.2495383192
0.0729265674
0.0040358931
0.0415880193
0.0077590951
-0.0149008052
-0.0212401119
0.0352163528
0.0441668928
0.2027938932
0.2214424400
0.1538224243
0.0864398048
0.0164213916
0.0732525701
0.0268617407
0.0208973453
-0.0249537451
0.0272563191
0.0138250513
0.1129468991
0.1967436635
0.2564741265
0.2286417268
0.1279786791
0.1306399293
0.0058556365
-0.0438538535
-0.0532474445
0.0148601867
-0.0184844323
0.0241706656
0.0480267728
0.1909618884
0.1405878742
0.0649682396
0.2196711406
-0.0348541266
-0.0642424327
-0.0181932328
0.0280099182
-0.0119376536
0.0164360813
0.0147356910
0.0250199913
-0.0351212127
-0.0527720741
-0.0017972530
-0.0362387486
-0.0272062322
-0.0166074516
0.0503262465
0.0069406050
0.0771523845
0.0774645390
0.0758025082
0.0240068762
-0.0004941051
0.0090039622
-0.0161727583
-0.0190660691
-0.1011624252
-0.0195646842
-0.0603924566
-0.0326033664
-0.0366961221
-0.0574472171
-0.1417398074
-0.1388683074
-0.0637350106
0.0011409168
-0.0661362655
-0.1505724058
-0.0848636818
-0.1530243256
-0.1063477558
-0.1552760616
-0.2039476641
-0.3111502058
-0.3671669607
-0.2704120287
-0.1307622749
-0.0397349294
-0.0175617955
0.0341143408
-0.0879595928
-0.1536787029
-0.1916030796
-0.2561262402
-0.3899816433
-0.4253873088
-0.3884128080
-0.3265757007
-0.1393322187
-0.0113492929
0.0765210360
0.0543910172
0.0064525864
-0.0867049675
-0.1665974939
-0.2963379127
-0.3246228603
-0.3049663747
-0.3023023358
-0.3511516084
-0.1460906231
0.0545189536
0.0568334343
0.1040767338
0.0370176277
-0.1026740251
-0.1977682183
-0.2353514446
-0.2236253294
-0.2339657403
-0.2398306835
-0.2422166965
-0.1393493228
-0.1263760832
-0.0493876825
-0.0294905480
-0.0693185203
-0.1730575418
-0.2318086221
-0.2104515158
-0.2530759157
-0.2588010020
-0.2906892549
-0.2425945866
-0.0822729260
0.0999997801
0.1536416940
0.1491145966
-0.0245006025
-0.1540970457
-0.1752574845
-0.2225844039
-0.2507504649
-0.2696873231
-0.2458861135
-0.2563650835
0.0360453866
0.0909026534
0.1301066178
0.0862483096
-0.0237456080
-0.0680171658
-0.1755280104
-0.2261659681
-0.1995594222
-0.1182442307
-0.1652915491
-0.0978566981
0.0473268381
0.1079407479
0.0667199956
0.0460026520
-0.0341270138
-0.1694533683
-0.2051785722
-0.1744252458
-0.1210440692
-0.1461526478
-0.0696945479
-0.0774723615
-0.0577040089
-0.0728188973
-0.1047715324
-0.0504954648
-0.0675389542
-0.1148339867
-0.1455266615
-0.1064551641
0.0190366282
0.0513934275
0.0424912454
0.0773905609
0.1121804225
0.1764925022
0.2331714289
0.2060807063
-0.0173018914
-0.0374988138
0.0194637438
-0.0101614515
0.0315819527
0.0248258325
0.0123750517
-0.0278770860
0.0633945135
0.1479254597
0.1682119872
0.0732558145
0.0455049868
0.0004519368
0.0022274497
0.0550524569
0.0387952009
0.0171629280
-0.0426475577
-0.0430194139
0.0303501007
0.1336372499
0.1087971960
0.0350697109
0.1263449493
0.0390803610
0.0469583613
0.0532574771
0.0405659764
-0.0124858300
-0.0406314820
0.0178552767
0.0506839252
0.0955308502
0.1684458301
0.2297338394
0.1617913853
0.1486056172
0.0996889836
0.0293470246
-0.0587840779
-0.1098908255
-0.0683325071
-0.0671722288
0.0720094834
0.2167870718
0.3092773642
0.3255446966
0.2821180948
0.1978999081
0.1073470233
0.0135176978
-0.0285017451
0.0081390044
-0.0225159340
-0.0095840957
0.0675295318
0.2390883505
0.2015902991
0.2585969670
0.2019957007
0.0935562260
-0.0026262230
-0.0720833820
-0.0379175462
-0.0879171683
-0.0863439905
-0.0526547742
0.1636041898
0.2794668981
0.3824489287
0.3563246768
0.2501930495
0.0797844598
0.0150630414
0.0297567741
-0.0020893103
-0.0402045360
-0.0922850247
0.0376127307
0.1356177832
0.1701145539
0.1886096401
0.0987589969
0.0767218731
-0.0156149225
0.0326026971
-0.0023482005
-0.0289840107
-0.0987946177
-0.0367767958
-0.0269326879
0.2284613826
0.2142892654
0.1951197899
0.0982475124
0.0369090673
0.0598692571
0.0056918761
-0.0499338639
-0.1050990436
-0.0776057529
-0.0931211818
0.0373945525
0.1985227258
0.2166174411
0.1679084873
0.0810627096
0.1411067305
0.0525229612
0.0067376585
-0.0342505617
-0.0220551179
-0.0341371725
0.0103424258
0.0289086983
0.0509481750
0.0175357767
0.0437529081
0.1018292838
0.0535798335
-0.0045062086
-0.0655805049
-0.0368227147
-0.0787411261
-0.0246807550
-0.0390023648
-0.0311480221
0.0549967013
0.1557039360
0.2624172721
0.2482244961
0.0428529316
-0.0052346511
0.0204856749
-0.0403340313
-0.0076209059
-0.0298503962
-0.0474612177
-0.0979679779
0.0446983368
0.2520050463
0.2840543752
0.2543762486
0.0685817141
0.0773711116
-0.0051756173
0.0632059807
0.0228528667
0.0151353048
-0.0736027815
-0.0459110746
0.1394785936
0.2054437550
0.1389535208
0.0003635233
0.1177120414
0.0295426709
0.0385823278
0.0129742506
-0.0187175674
-0.0483643664
-0.0798699271
-0.0605849159
0.0766634299
0.1709588689
0.1389686073
0.1425074784
0.0228854431
0.0058798569
0.0333375735
0.0061857700
-0.0237840570
-0.0719077208
-0.0462487850
-0.0476908735
0.0546856082
0.1566761236
0.2651190272
0.2425156400
0.2320936247
0.1571403610
0.0556426226
-0.0024765367
-0.0274179889
-0.0222280670
-0.0273268842
0.0018402473
0.1201233061
0.2373947951
0.2686066547
0.3018598823
0.2030143716
0.1003886830
0.0488608984
-0.0019380233
0.0002297083
0.0512538749
-0.0378851252
0.0524347365
0.1949967534
0.2189425046
0.2221298023
0.1772950448
0.0854642982
-0.0121537261
-0.0346691034
0.0063847919
-0.0036660913
-0.0299913504
-0.0208897832
0.0135861981
0.0211588014
0.1849251359
0.2053590708
0.1426839298
0.0771738274
-0.0339762607
0.0057797726
-0.0287455132
-0.0453775159
-0.0758001949
-0.0368243296
-0.0344446581
0.1644723897
0.2008952625
0.2701221055
0.1216765192
0.0101497799
0.0015299615
-0.0497631262
-0.0879006158
-0.1182661815
-0.0981437215
-0.0993760233
-0.0406643250
0.0193304077
0.0977310126
0.1553707964
0.0567384386
0.0155946928
-0.1126440319
-0.1539916333
-0.1651300664
-0.1114544350
-0.1410942565
-0.0765960763
-0.0677765231
0.0551662602
0.1274066107
0.1028298400
0.1138596391
0.0300221827
-0.0958256266
-0.0895625312
-0.0618511275
-0.0876027312
-0.0425059365
-0.0868797462
-0.1065659205
-0.1354432530
-0.1587590336
-0.0869555788
-0.0554281297
-0.1248172555
-0.1674407491
-0.1273169211
-0.1720581959
-0.1508432575
-0.1509052957
-0.1714793721
-0.2102358236
-0.0741054472
0.0758986480
0.0302656447
0.0056364004
-0.0919025098
-0.0787827529
-0.1214257353
-0.0546523160
-0.0795653799
-0.0924126118
-0.2046020832
-0.2483109994
-0.0082714218
0.0210220789
0.1112286794
0.0718503867
0.0499428112
-0.0954948935
-0.0876919733
-0.0834079465
-0.1157446996
-0.2661223826
-0.3319841197
-0.2480499846
-0.0016702141
0.0783077666
0.0779657430
0.1535996945
0.0559455283
-0.0093907609
-0.0585703435
-0.0969054951
-0.2286856152
-0.2887219972
-0.2237839267
-0.2144359292
-0.0605401978
0.0479319501
0.1652941623
0.1700803744
0.1076239447
0.0311075132
-0.0705299758
-0.1982825165
-0.2510171460
-0.2241139536
-0.2655080497
-0.2758203857
-0.0055196471
0.1776545804
0.2454798020
0.2756789390
0.1589876437
-0.0240030960
-0.1338825747
-0.2042763812
-0.1662808596
-0.2073929530
-0.2176681458
-0.2016316407
0.0339035045
0.0908966789
0.1721364270
0.1386915165
0.0445129107
-0.0641407724
-0.1224785544
-0.1029465202
-0.1309129382
-0.1543751879
-0.1719997359
-0.0911204000
0.0621939570
0.1546860562
0.0918603129
-0.0445116611
-0.0924089825
-0.1375314103
-0.0930575977
-0.0899569435
-0.0148626556
-0.0323987715
0.0304473333
0.0284949626
0.1854892342
0.2345313669
0.1848415263
0.0833773134
0.0463173431
0.0416641687
-0.0208531256
-0.0503223889
-0.0531363085
-0.0108548003
-0.0196111281
0.0746531024
0.0764115412
0.0811844391
0.0328565746
0.0113911960
0.0296315710
-0.0262983990
-0.0304025675
-0.0621594342
-0.0382445655
-0.0468205464
0.0133317797
0.0415697535
0.1702997768
0.0987584168
0.0512486559
0.0136248654
0.0108494796
0.0017577545
-0.0373649162
0.0029648096
-0.0253869321
0.0014195699
-0.0165130736
0.0350405526
0.0153293251
0.0176508420
0.0946244306
0.0254168553
0.0272174760
-0.0295003097
0.0461248054
0.0089493227
0.0502281461
0.0195072174
0.0173787355
-0.0402737543
-0.0016546296
0.1346225387
0.1873752685
0.1510747015
0.0485703337
0.0725378381
-0.0076001014
-0.0042106336
-0.0221996362
-0.0658776735
-0.0959786605
-0.1015216513
0.0958164722
0.1367307672
0.1963597166
0.1383209110
0.1601468533
0.0512543116
0.0489065974
0.0298069095
0.0018283707
-0.0735933996
-0.0901340266
-0.0319746743
0.0435884749
0.0065672004
-0.0049009200
0.0683451143
0.0256441098
0.0869249334
0.0432617209
0.0147984038
-0.0191914588
-0.0582400367
-0.0140229461
-0.0103412415
-0.0076685792
-0.0318332047
0.0202645956
0.0304936891
0.0558783542
0.0236855157
-0.0191725918
-0.1041492604
-0.1544179388
-0.1407026570
-0.1480752843
-0.1667908568
0.0450470987
0.1271409608
0.2054006524
0.2761531038
0.1536931606
0.0031936979
-0.1210301682
-0.1554331036
-0.0974912508
-0.1437128194
-0.1605916718
-0.1392615095
0.0207424522
0.1020610773
0.1975430683
0.1820194277
0.0901873432
-0.0310095027
-0.0937866490
-0.0392630669
-0.0579244753
-0.0731602798
-0.1070144031
-0.0198585442
0.0772226718
0.2276949744
0.2642950389
0.2600885241
0.1181079215
-0.0145793824
-0.0381732893
-0.0622717115
-0.0611749659
-0.0720931161
-0.0440736670
-0.0069135933
0.2115816270
0.2372092393
0.3034053651
0.2085666664
0.1072195336
0.0446648439
-0.0329668028
-0.0239435000
-0.0647496199
-0.0053840065
-0.0354295929
0.0749921597
0.1754531166
0.2789201094
0.2614160382
0.1673155641
0.1703976985
0.0148402282
0.0192851586
-0.0144645014
0.0769623537
0.0507488291
0.1041675658
0.1184825078
0.2152530757
0.1766018899
0.1756602392
0.1807556519
0.1387759912
0.0661943619
0.0141866214
0.0649041667
0.0346026956
0.0890782436
0.0791077427
0.0445193820
0.0095284265
0.0066186158
0.2062516916
0.1340121222
0.0157853735
-0.0345675869
0.0534493200
0.0253532665
0.0322483366
0.0253972074
0.0224079733
-0.0103056368
-0.0670409602
-0.0364603834
0.0349134410
0.0173675266
-0.0533707683
-0.0792007616
-0.2014148387
-0.1481360313
-0.2074665573
-0.2654204167
-0.3322338479
-0.3783266661
-0.0891638639
0.0451855482
0.1312447256
0.0899203382
0.0796536993
-0.0838326465
-0.1191806686
-0.0994193977
-0.1536073757
-0.2401535199
-0.2758039854
-0.2225553373
-0.0126624370
0.1080983370
0.1068517751
0.1900627697
0.0802762475
0.0297084985
-0.0090491343
-0.0916816232
-0.1643746394
-0.2614277981
-0.2036720938
-0.1914879857
-0.0359514332
0.1125553983
0.1967170808
0.1749197770
0.1411385645
0.0464392599
-0.0507625163
-0.1347340490
-0.2210015047
-0.1926451157
-0.2449139524
-0.2040682967
-0.0124202339
0.1277499658
0.1866218467
0.2414273945
0.1441519626
-0.0574378685
-0.1616790059
-0.2172122944
-0.1817365726
-0.2104201834
-0.2596617752
-0.1930882024
0.0195508783
0.1626511504
0.2644499426
0.2506813144
0.0908616233
-0.0686693796
-0.1401273464
-0.1352606333
-0.1848872861
-0.2100529825
-0.1867649512
-0.1153378075
0.0328504809
0.2561986350
0.2241973121
0.2195365616
0.0734786386
-0.0965238313
-0.0865287344
-0.1123645478
-0.1435671212
-0.1218710788
-0.1120634412
-0.1091175384
0.1115301253
0.1698064623
0.1928597244
0.1954525698
0.0040529094
-0.0207484774
-0.0869232361
-0.1037549957
-0.1298262422
-0.0687020660
-0.1118877808
-0.0131374983
0.1074215928
0.2035679996
0.2144193974
0.1330962433
0.0998386872
-0.0491561960
-0.1129580857
-0.1343404033
-0.0667150394
-0.1201723524
-0.0220011483
-0.0051165493
0.0933460350
0.2176118961
0.1569604181
0.1731860919
0.1050924996
0.0504901728
-0.0631453274
-0.0310362302
-0.0548191644
0.0269778499
0.0489861999
0.0315866687
0.0339448427
-0.0110206269
0.0285341605
-0.1258200293
-0.1708369152
-0.2104894753
-0.2104458954
-0.2612410602
-0.2647387838
-0.2667075802
-0.3478569596
-0.3590738966
-0.1345938842
0.0078748740
0.0396159314
-0.0327260998
-0.1262096437
-0.1151540861
-0.1706525140
-0.1521393283
-0.1455714697
-0.1790869395
-0.2911474031
-0.2486015654
-0.0672666311
0.0498748655
0.0529721416
0.0002644561
-0.0121117993
-0.1511702485
-0.1451283105
-0.1515578575
-0.1693448549
-0.2588571122
-0.2699099700
-0.2410872063
-0.0576692629
0.0559631740
0.0170203473
0.0842107761
-0.0040427483
-0.0415853166
-0.0484438450
-0.0742702801
-0.1550753333
-0.1828428297
-0.1981867519
-0.1627506042
-0.0532726531
0.0117581346
0.1154780955
0.1009545435
0.1070806944
0.0176198624
-0.0340015105
-0.1427294826
-0.0854350573
-0.0561341479
-0.0926345485
-0.0670641627
-0.0355738048
0.0059116704
-0.0304173019
0.0390761916
0.0143167781
0.0087186281
-0.0448264737
-0.1171322063
-0.0573939626
-0.1087043722
-0.1161709872
-0.1309457209
0.0524383527
0.1623561410
0.2645768862
0.2793679918
0.1602552818
0.0481511486
-0.0351075288
0.0148606016
-0.0466803055
-0.0447987978
-0.0817928427
-0.0065148132
0.0758564130
0.2215101806
0.2201569692
0.1585458634
0.0303371817
-0.0313454724
0.0113848753
-0.0318806592
-0.0471127322
-0.0918964159
-0.0406922616
-0.0384990133
0.0635784565
0.0797208837
0.0445689425
-0.0210782768
-0.0492492016
-0.0180087200
-0.0222058384
-0.0312167369
-0.0438946643
0.0014948436
-0.0137563559
0.0621712045
0.0653731493
0.0927005343
0.0629009210
0.0402491033
0.0998475530
-0.0016774953
-0.0443927205
-0.0791817289
-0.0239435821
-0.0725169061
-0.0020643222
0.0226882983
0.1456384910
0.1942092488
0.2260121693
0.2246355297
0.0643773768
0.0205161433
-0.0193432509
-0.0462856207
-0.0509100244
-0.0218973830
-0.0229567522
-0.0225048908
0.0366997119
0.1674057905
0.2356313093
0.2065473418
0.0210846768
-0.0508193489
0.0259005967
-0.0474926485
-0.0020423145
-0.0109653745
-0.0443775099
-0.0969330627
-0.0486610653
0.0696183359
0.0716751599
0.1174939356
-0.0254311897
-0.0004018286
-0.0465745906
-0.0751820745
-0.0743573738
-0.1163674769
-0.1812071441
-0.2130975796
0.0772629196
0.0794269287
0.1522668671
0.1511474780
0.1216895027
-0.0233295104
-0.0336027542
-0.0286021102
-0.0527960829
-0.1165222168
-0.1678026476
-0.0948648507
0.0468135090
0.0946351119
0.1060206961
0.1208517848
0.0916372577
0.0901833252
0.0050242121
-0.0250834540
-0.1074725077
-0.1481386934
-0.0917162382
-0.1446003863
-0.0694780533
0.0844927184
0.1278048857
0.0452535073
0.0160351104
-0.0390517546
-0.1275442883
-0.2247983487
-0.2639937878
-0.2583665907
-0.2603869776
-0.2531016642
-0.0662615908
0.0673672915
0.1368576218
0.1989636226
0.0800372720
-0.0562583010
-0.1703868864
-0.2378606118
-0.1577507211
-0.1891055831
-0.2904201346
-0.2455938959
-0.0350245526
0.0777518904
0.2526391326
0.1966435197
0.0332974693
-0.0934515958
-0.2325380343
-0.1878414145
-0.2165863294
-0.2861589829
-0.3193564674
-0.1877587704
-0.0164703094
0.1926688701
0.2315254108
0.2222258893
0.0453470133
-0.0568352765
-0.0948426748
-0.1863245590
-0.1821952929
-0.1986373331
-0.1542562771
-0.1522596615
0.0199011192
0.1083515568
0.1507515740
0.0535257193
-0.0351624298
-0.0496503098
-0.1066569668
-0.1337830954
-0.1913839979
-0.1480695365
-0.1808554284
-0.0649123176
0.0755572736
0.1895281293
0.1725987729
0.1012031901
0.0750020959
-0.0811950450
-0.1180626015
-0.2591380718
-0.1993091633
-0.2765197474
-0.2404217736
-0.1399645711
-0.0212783735
0.0439505765
0.0308008900
0.1135013685
-0.0181381021
-0.0927551305
-0.1388170281
-0.1018504778
-0.1538943421
-0.1076740815
-0.1030723597
-0.0917980133
-0.0553322072
-0.0621539249
0.0474518283
-0.0910743243
-0.1077745515
-0.1864851732
-0.2241282520
-0.2671196432
-0.2242058266
-0.2051624589
-0.2356993901
-0.3275188956
-0.1806514581
-0.0548432433
-0.0392721958
-0.0401676529
-0.1710574920
-0.1704293625
-0.2131331442
-0.1540460983
-0.1571182706
-0.1613976969
-0.2690654346
-0.2540428347
-0.1166664800
-0.0543613874
-0.0531445909
-0.0639920891
-0.0925726077
-0.2011694456
-0.2064298766
-0.1936456465
-0.2065269586
-0.3266858420
-0.3537144539
-0.2905573632
-0.0756511722
0.0304014223
-0.0020545640
0.1043461312
-0.0174121392
-0.0585787599
-0.0716823517
-0.1292027953
-0.2181093974
-0.2655168384
-0.2466169225
-0.2399811210
-0.0523071303
0.0568698651
0.1364544633
0.1591001812
0.1201429770
-0.0077699637
-0.1394903957
-0.2693066106
-0.3139263338
-0.2966750953
-0.3059359582
-0.3167575649
-0.0277362521
0.1054518290
0.0949175944
0.1618906859
0.0865965503
0.0049619279
-0.1395482260
-0.1861624251
-0.1538117716
-0.1662210170
-0.2307938598
-0.1771818301
-0.0408458520
-0.0196355809
0.0153078942
-0.0615101758
-0.0589097515
-0.0953432672
-0.1194022873
-0.0654736321
-0.0697216606
-0.0514993281
-0.0561347569
-0.0491526413
-0.0315711555
0.1292031512
0.1694044900
0.1280702296
-0.0336970630
-0.1483055903
-0.0386291748
-0.1228321865
-0.1371397177
-0.2603747826
-0.1916891169
-0.1862304085
0.0112738065
0.1174867727
0.1367369042
0.0988782070
-0.0329023745
-0.0552016690
-0.1012319268
-0.1233904817
-0.1413838611
-0.1061030978
-0.1180405441
-0.0572194025
0.0318020756
0.0729852679
0.1032353869
0.0363514084
0.0312014068
-0.0482375187
-0.1504436917
-0.2040094795
-0.1686730266
-0.2435421674
-0.2141332391
-0.1470467335
0.0763283415
0.1185642366
0.1554026887
0.1693078165
-0.0120186052
-0.0536905546
-0.1872931373
-0.1630757073
-0.2342754585
-0.1702582256
-0.2015009657
-0.1843950228
-0.0049309428
0.0809144854
0.1744671973
0.0874142179
-0.0183907179
-0.1687986711
-0.1370396936
-0.2071339406
-0.1723512339
-0.1610973719
-0.1910503564
-0.2090031079
-0.0406699372
0.1416422147
0.1235967000
0.0611308604
-0.0421189618
-0.0115245903
-0.0749010743
-0.0567318101
