0.1009995573
0.0520043355
0.0424957937
0.1438667075
0.2519357885
0.3427974638
0.4284342396
0.4009451026
0.2937404045
0.1857167563
0.0860463501
0.1288061241
0.0975162153
0.0257279113
0.0191969916
0.1674203156
0.2751146823
0.3819695725
0.3931538892
0.3404322923
0.2066312784
0.0698939804
0.1197690917
0.0955675012
0.0598749894
-0.0017297158
0.0555782648
0.1409383033
0.3157022470
0.3570328021
0.3808388116
0.2581858770
0.1421340439
0.1524208141
0.0719398909
0.0203887225
-0.0423130208
0.0143496605
0.0020970533
0.2017159404
0.3167922181
0.4443099289
0.4835054016
0.3024588495
0.3056787580
0.1359147125
0.1080608516
0.0481826455
0.1164835116
0.0949835527
0.1215349606
0.1989133981
0.3315484121
0.3780359499
0.3295036305
0.3691306114
0.2328316583
0.1614277603
0.0646702102
0.1176288527
0.0790583794
0.0966563568
0.1205204755
0.1703895022
0.2062514299
0.2520053890
0.3597959661
0.2747019218
0.1865938431
0.0470225637
0.0777286349
0.0356098493
0.1088034385
0.1216470057
0.1046799671
0.0831443386
0.1114854813
0.2776106580
0.2064220573
0.1532484753
0.0659510134
0.0722551366
0.0561672459
0.1707560661
0.1489936955
0.0930712687
0.0468957503
0.0208274831
0.0796906895
0.0511824763
0.0574636934
0.0537301998
0.0936633715
0.0782773535
0.0975128556
0.0941655984
0.0306125717
-0.0397050012
-0.0547064491
0.0822484306
0.1517941068
0.2201981758
0.1824915408
0.2441866438
0.1555102590
0.1426043079
0.0915965106
0.0269518121
-0.0363186694
-0.1056229542
-0.0062652440
0.0418543810
0.1583256310
0.1740332540
0.2832627542
0.2769103698
0.2702102032
0.1820166297
0.0484823304
-0.0362065591
-0.0861333533
-0.0358124524
-0.0487402233
0.0356927468
0.1707694807
0.3027518634
0.3337265930
0.3844244852
0.3012989418
0.1492516233
0.0357786422
0.0035520187
0.0349739876
-0.0035166448
-0.0027248687
0.0695188055
0.2342334081
0.3241000046
0.4206393379
0.3547235997
0.2113924250
0.1073361633
0.0490789033
0.1039446244
0.0686181451
0.0329335156
0.0136252339
0.0542588956
0.0586334127
0.2672256786
0.2612249791
0.1578359929
0.0531537584
-0.0722937674
-0.0491103039
-0.0961520412
-0.1556321903
-0.2121810447
-0.1539255278
-0.0718707018
0.1587202099
0.2067451270
0.3100660905
0.2122560045
0.0388066911
-0.0022885496
-0.0219113805
-0.1016220657
-0.1244775739
-0.0498029078
-0.0469383592
0.0487673083
0.0868354354
0.0907673651
0.0126728705
-0.0373405158
-0.0277984065
-0.0666376430
-0.0859670403
-0.1010064038
-0.0629274663
-0.0791671461
-0.0325370290
-0.0337601461
-0.0322839400
-0.0752591186
-0.0689253028
-0.0291493141
-0.0904014700
-0.1278924086
-0.1230348610
-0.0846678699
-0.1107021605
-0.0831648281
-0.1042641737
-0.0263734501
0.0300866906
-0.0336030164
0.2063985838
0.0782075789
0.0129607157
-0.1079776398
-0.0856453542
-0.1463164592
-0.1053899374
-0.0988468872
-0.0972959451
-0.0809410354
0.0322608684
0.1992020184
0.1803377621
0.0971679240
-0.0065005566
0.0257015478
-0.0546227666
-0.0215210836
-0.0281229961
-0.0409341593
-0.1007231552
-0.0656108363
0.0999844334
0.1881093243
0.1738506894
0.0916439966
0.1237374234
0.0042541450
0.0194316301
-0.0027583891
-0.0471501997
-0.1194072322
-0.1283451574
-0.0606905850
-0.0364747355
0.0293086306
0.0504931884
0.1097647362
0.0394098584
0.0700140515
0.0587578388
0.0329294498
-0.0611615223
-0.1008985575
-0.0476190325
-0.0641575479
-0.0010307625
0.1000350724
0.1955486954
0.1822636613
0.1855373985
0.1139734052
0.0334133061
-0.0683129798
-0.1186933171
-0.0650112998
-0.0764017296
-0.0136861784
0.1066024876
0.2527698831
0.2220500600
0.2785511825
0.1389468368
0.1035180430
0.0231245580
-0.0245905495
-0.0092636404
-0.0109456820
-0.0355913778
-0.0832115778
-0.0239828547
-0.0366791186
-0.0673298943
-0.0906703664
-0.1321764072
-0.2361910769
-0.2929362834
-0.2295029143
-0.1793203432
-0.1953580761
-0.2995866511
-0.1294225619
-0.0917359473
-0.0117729960
-0.0172760809
-0.0690750822
-0.1690997532
-0.2652116712
-0.1983366314
-0.2325374684
-0.2834185444
-0.2963872166
-0.1717228485
-0.1388829596
0.0684154038
0.1081423167
0.1162072691
-0.0104309687
-0.2262808062
-0.1458359497
-0.2916221495
-0.3546841786
-0.3963963994
-0.3167352908
-0.3525271168
-0.1469768771
-0.0113970841
0.1043081104
0.0279233707
-0.0785016019
-0.1179081177
-0.1876773946
-0.2206165663
-0.2392530738
-0.1909375538
-0.2113664038
-0.1707170306
-0.0977474145
0.0347142749
0.0283940954
0.0227729115
0.0288697771
-0.0421195911
-0.1208411971
-0.1974850895
-0.1709591909
-0.1827928556
-0.1262677867
-0.1149480976
-0.0929772371
-0.0790828392
0.0100111535
0.0465313856
-0.0078088586
-0.1125471599
-0.2092674307
-0.1610657274
-0.2357961294
-0.1936476425
-0.1997913986
-0.2303886212
-0.1948863793
-0.0749052369
0.0320020582
0.0076713907
-0.0615293901
-0.1444714193
-0.1003012628
-0.1296277600
-0.0853772626
-0.0983251550
-0.1451155003
-0.1940436029
-0.1958459182
-0.1595220622
-0.1720556176
-0.1811588266
-0.2042418584
-0.1538651026
-0.1733198879
-0.1376039546
-0.1379571231
0.0910267858
0.0202250917
0.0029738325
0.0702132127
0.1160912679
0.2298053019
0.2279995746
0.2713651182
0.1880152221
0.1866083354
0.1586388117
0.1067398883
0.0330665091
-0.0089010826
0.0283126159
0.0306802101
0.1508934229
0.2630163896
0.1701581559
0.0866319015
0.1763104259
0.1625526343
0.1705580908
0.0514840650
0.0342680797
0.0650288468
0.0134589451
0.0361171841
0.0731594085
0.1869954162
0.0980449335
0.1917169372
0.1671641638
0.1713282709
0.0436561564
0.0178780571
0.0368168094
-0.0090012690
-0.0127797611
0.0013143142
0.0019923194
0.0029370099
0.0673679289
0.0718588223
0.0239683376
-0.0331981368
-0.0641518061
-0.0447945953
-0.0659397875
-0.0661449246
-0.0640658587
-0.0178342594
-0.0093451296
0.0835068560
0.1197142124
0.0820346610
0.0070721125
-0.0759424424
-0.0568667790
-0.0525207997
-0.1147696548
-0.2071160535
-0.1285349467
-0.0564565866
0.1504439938
0.1835435700
0.2042228710
0.0974659990
-0.0886122774
-0.1281586526
-0.2257579723
-0.2857010182
-0.3342708468
-0.2621079371
-0.2913844416
-0.0884630749
0.0344660331
0.1726436228
0.1811772047
0.0568298581
0.0601423102
-0.1186934748
-0.1691043103
-0.2221964476
-0.1596560498
-0.2244261866
-0.1126420343
-0.0326314991
0.1458870151
0.1658618592
0.1418878184
0.1960856057
0.0178855465
-0.0905787633
-0.1396677863
-0.0429343804
-0.0608118515
-0.0025685017
-0.0049120467
-0.0116384359
-0.0337409258
0.0046871826
0.1883594111
0.0877467751
0.0409975705
0.0105305824
0.0588094037
0.0159771224
0.0745843926
0.0535084741
0.0416838621
0.0472430678
0.1614419863
0.3016379951
0.3259123643
0.2393074916
0.0913849614
0.1066472137
0.0702979734
0.1133643076
0.0840236034
0.0605895393
0.0065309601
0.0551298673
0.1855714892
0.2086671957
0.2188664093
0.1338421156
0.1501168574
0.0732294485
0.1015587409
0.0729671984
0.0440075847
-0.0135913671
-0.0578105251
0.0544083087
0.1599301292
0.2312587711
0.1623569258
0.2247615691
0.1634996442
0.1542196217
0.1126699923
0.0692677777
-0.0244634398
-0.0753838348
-0.0298770014
0.0566780161
0.1798638868
0.2062682665
0.3008886042
0.2799097274
0.2449817762
0.1735753032
0.0610575679
-0.0110118619
-0.0302310229
-0.0376139376
-0.0617475230
0.0191946797
0.1405498605
0.2756439181
0.2958295729
0.3477525571
0.2520540705
0.1145517371
0.0355466663
-0.0117682862
0.0216807944
-0.0301024392
-0.0634408480
0.0233159899
0.1973749265
0.2624993314
0.3347536734
0.2716547047
0.1889318971
0.0693205387
0.0069950680
0.0305139164
0.0240313600
-0.0448805853
-0.0845491355
0.0539200071
0.1635721783
0.3054076024
0.2867315379
0.1908848528
0.0735018415
0.0068282035
0.0414516572
0.0018370363
-0.0133366463
-0.0227320417
0.0185256410
0.0321502472
0.2173421026
0.2060429006
0.1534120680
0.0689953109
0.0111174125
0.0558790516
0.0174666307
-0.0000786927
-0.0297912903
0.0156036150
0.0022655563
0.1570561591
0.2113154212
0.2800540776
0.2377328108
0.0938795586
0.1153443689
-0.0091060965
-0.0414843646
-0.0562539654
0.0010895059
-0.0374793929
0.0286211364
0.0896446953
0.2073652734
0.1636480642
0.0491223745
0.1415781593
-0.0504827644
-0.0912584581
-0.0376705889
0.0087287870
0.0017558636
0.0146265478
-0.0032715825
-0.0237569172
-0.0636813448
-0.0553978400
-0.0089999990
-0.0526042682
-0.0535988224
-0.0232397147
0.0147492676
0.0133407020
0.0837450907
0.0599557466
0.0410081177
-0.0023948663
-0.0238695445
-0.0065427186
-0.0312669790
-0.0544989167
-0.1105970938
-0.0423068607
-0.0736514956
-0.0478155244
-0.0627169411
-0.0963196793
-0.1579185530
-0.1328415130
-0.0109655234
-0.0545326843
-0.0947969746
-0.1691934160
-0.1035988267
-0.1792674402
-0.1228257753
-0.1726635836
-0.2579642329
-0.3424176652
-0.3893265980
-0.1823045986
-0.1182399959
-0.0382514003
-0.0271462634
-0.0011928504
-0.1202923362
-0.1568226772
-0.1998106696
-0.3011236473
-0.4098205629
-0.4458519555
-0.3843110615
-0.2828491045
-0.1329717774
-0.0120255227
0.0617413350
0.0250365535
-0.0052744631
-0.0991714632
-0.2030407465
-0.3350433022
-0.3544726574
-0.3372180469
-0.3362727074
-0.3137694753
-0.1243178084
0.0458014262
0.0568708462
0.0848936374
0.0075467771
-0.1363136066
-0.2280877586
-0.2569448419
-0.2387030788
-0.2529639355
-0.2653074345
-0.2498235574
-0.1485651534
-0.1480568474
-0.0539926908
-0.0432366782
-0.1020614727
-0.2068223868
-0.2601301289
-0.2123118379
-0.2841344883
-0.2971919412
-0.3401569038
-0.2028531413
-0.0396752197
0.1246059895
0.1518265248
0.0883578946
-0.0671617787
-0.1794421628
-0.1778723810
-0.2344578846
-0.2860523525
-0.3186027115
-0.2636353542
-0.1910712260
0.0409307641
0.1107466627
0.1765077580
0.0380195234
-0.0680006767
-0.0887540065
-0.1914128242
-0.2173822959
-0.2019362499
-0.1541974231
-0.1851473234
-0.0434663697
0.0640491762
0.1331502407
0.0755074791
0.0006709486
-0.0524850042
-0.1678909489
-0.1963212365
-0.1963551597
-0.1502179032
-0.1539773372
-0.0806664009
-0.0886107278
-0.0969909797
-0.1250528386
-0.1320444244
-0.0803430218
-0.1020530688
-0.1315239959
-0.1783815587
-0.1151303688
0.0050788477
0.0371031632
0.0462236454
0.1136032161
0.1612436264
0.2123445096
0.2393612659
0.1156166989
-0.0155843644
-0.0416297168
0.0165327009
-0.0159280717
0.0281792345
0.0142237044
0.0049375338
0.0207570305
0.1404186042
0.1933238414
0.1621834823
0.0814409766
0.0085716132
0.0044973052
-0.0180139890
0.0362209709
0.0376927800
0.0149403385
-0.0419299801
-0.0104770459
0.0934591434
0.1636430750
0.1433751160
0.0627866862
0.0874079029
0.0490438547
0.0396556783
0.0424936452
0.0329369416
-0.0109541553
-0.0410347868
0.0475958135
0.0885009577
0.1450151531
0.1640686877
0.2048413980
0.1401628676
0.1358441110
0.0959260281
0.0473995575
-0.0724837410
-0.1292606237
-0.0668445464
-0.0310413007
0.1140909170
0.2308959740
0.3110245689
0.2998971765
0.2711625556
0.1976701004
0.1064699334
0.0112872357
-0.0238821760
-0.0031258793
-0.0306794396
0.0111451329
0.0957478926
0.2388158176
0.2286285675
0.2377060830
0.1952556681
0.0978816213
-0.0129301920
-0.0843821868
-0.0481745594
-0.1076880711
-0.1073102640
0.0013398991
0.1940939860
0.3105211175
0.3771305249
0.3117605448
0.2030405949
0.0622673392
-0.0004632965
0.0429194306
0.0033691683
-0.0398417587
-0.0554817516
0.0646294673
0.1252482611
0.1707259648
0.1303502461
0.0931685577
0.0531305779
-0.0145524550
0.0272697942
-0.0062267914
-0.0478151448
-0.1060777015
-0.0329950714
0.0247879753
0.2220539390
0.1834371752
0.1961810027
0.1074615324
-0.0049117021
0.0524151885
-0.0034258001
-0.0583075710
-0.1258393806
-0.0915694422
-0.0962090675
0.1120699971
0.1817933020
0.2093651582
0.1609549488
0.0606019459
0.1147277655
0.0528464689
0.0062547057
-0.0654688028
-0.0357729096
-0.0569013791
0.0095323082
0.0612136003
0.0723181132
0.0328130558
0.0304520458
0.1009040874
0.0473143864
-0.0252290601
-0.0821205405
-0.0693625403
-0.1062681391
-0.0381150834
-0.0345634125
0.0375085030
0.1210439096
0.1872945926
0.2752755150
0.1822743801
0.0620303005
-0.0211996391
-0.0004941157
-0.0696312997
-0.0273977841
-0.0471780463
-0.0479042918
-0.0380584137
0.0903774295
0.2693137140
0.2952002467
0.1964097039
0.0575914837
0.0514163928
-0.0299440033
0.0320366509
0.0289071956
0.0065205154
-0.0801220046
-0.0101230366
0.1795345049
0.2138003895
0.0679975922
0.0166536839
0.0903319725
0.0194378965
0.0322285656
0.0094565459
-0.0073188796
-0.0627306119
-0.0640925183
0.0156751854
0.1011433881
0.1824251366
0.1194915838
0.1245168281
0.0132182824
0.0179935907
0.0288466295
0.0059691402
-0.0295118722
-0.0744713646
-0.0550559587
-0.0044633647
0.1280063314
0.1952295173
0.2633320919
0.2457210956
0.2135293282
0.1369194631
0.0607410375
0.0055549466
-0.0147309302
-0.0165237760
-0.0320028783
0.0451816633
0.1666678672
0.2517525184
0.2483476026
0.2487485315
0.1438097346
0.0974874641
0.0224769727
-0.0175528978
0.0075338478
-0.0104467269
-0.0645014490
0.0904929850
0.2041526024
0.1969297858
0.2088828951
0.1692638246
0.0425098402
-0.0129056097
-0.0461547077
-0.0142033543
-0.0260651780
-0.0396529496
-0.0272929780
-0.0101846417
0.0027250442
0.1903634622
0.1962497383
0.1036265713
0.0423987061
-0.0589109570
0.0066111513
-0.0351317829
-0.0594801899
-0.0763814968
-0.0581702707
0.0061765430
0.1811996939
0.2088270740
0.2141671119
0.0961459113
-0.0213906756
-0.0033682169
-0.0513960560
-0.0940797797
-0.1382432564
-0.1122520545
-0.1130849076
-0.0188895335
0.0534686808
0.1540862437
0.1376188795
0.0332817751
0.0136779600
-0.1100135586
-0.1565789005
-0.1863774417
-0.1275445505
-0.1562616388
-0.0849041733
-0.0373338251
0.0834712053
0.1125520425
0.0962543656
0.0840007175
-0.0243306063
-0.0872802846
-0.1071106695
-0.0925599140
-0.1153978473
-0.0821732335
-0.1038435308
-0.1161302694
-0.1492496963
-0.1569435426
-0.0498876799
-0.0669750894
-0.1470754532
-0.1830905235
-0.1471552722
-0.1941480500
-0.1771861918
-0.1595106616
-0.1598834409
-0.1472697697
-0.0323123082
0.1163550613
0.0159617282
-0.0200266149
-0.1122607024
-0.0934231868
-0.1431406419
-0.0861340663
-0.0734556231
-0.0980867115
-0.2204527470
-0.1976282034
0.0378165131
0.0679559262
0.1087222444
0.0537428140
0.0344236250
-0.0820029942
-0.0642750121
-0.0791576427
-0.1490705835
-0.2881996440
-0.3334270421
-0.1801162734
0.0005942407
0.0988130932
0.0875634576
0.1438948180
0.0158477478
-0.0171546477
-0.0611617630
-0.1025679660
-0.2478139739
-0.3148293719
-0.2422521785
-0.1766845488
-0.0409327150
0.0734902383
0.1581039749
0.1415931713
0.0947096324
0.0164909205
-0.0948162120
-0.2093812069
-0.2645761699
-0.2338744281
-0.2565087087
-0.2084577803
0.0256173835
0.1929967358
0.2210338644
0.2264220086
0.1283553631
-0.0500285042
-0.1537439095
-0.2177972278
-0.1862200155
-0.2244621329
-0.2466632584
-0.1431918269
0.0421521834
0.1033861884
0.1614586399
0.1195934432
0.0131830299
-0.1040232740
-0.1688280693
-0.1289775396
-0.1592852525
-0.1729487151
-0.1906882186
-0.0416572000
0.0564829975
0.1147358813
0.0052836398
-0.0592618947
-0.1150143581
-0.1493651731
-0.0902548291
-0.1028511264
-0.0312925250
-0.0420808629
0.0227693724
0.0638108861
0.2096668182
0.1704343007
0.1271613546
0.0764175421
0.0316647925
0.0406780929
-0.0102930387
-0.0510282043
-0.0654555166
-0.0305319546
-0.0268595937
0.0658923675
0.0721897569
0.0817114962
0.0476599612
0.0048248425
0.0195450727
-0.0341728277
-0.0444450724
-0.0906521300
-0.0705756199
-0.0809759378
0.0125586195
0.0778848715
0.1091865381
0.0304596993
0.0187699464
0.0452000115
-0.0052118716
-0.0123995148
-0.0567552642
-0.0192430343
-0.0455054042
-0.0146093619
0.0078347634
0.0342714302
0.0056171111
-0.0273907799
0.0909069131
0.0053303656
-0.0184000960
-0.0420250868
0.0110637389
0.0105512353
0.0160763258
-0.0247963853
-0.0320501408
-0.0271733400
0.0175594844
0.1482396794
0.1958387570
0.1266185864
0.0234011024
0.0556772708
-0.0122929590
-0.0295738207
-0.0498711947
-0.0870155145
-0.0911238844
-0.0570950136
0.1267113112
0.1941415894
0.2127570898
0.1176671867
0.1419422292
0.0544454252
0.0416373996
0.0158086612
-0.0211379701
-0.0854401823
-0.0777936150
-0.0204800901
-0.0104388006
-0.0084619706
0.0092350904
0.0353135885
-0.0024909870
0.0546660605
0.0318388774
-0.0047370631
-0.0499505366
-0.0757388673
-0.0193614076
-0.0240631752
-0.0092015175
-0.0388667222
0.0393370256
0.0516732357
0.0247858485
0.0083824788
-0.0433528961
-0.1272984063
-0.1818114523
-0.1463188089
-0.1368536286
-0.1094992233
0.0253983976
0.1579402624
0.1871879015
0.2186919964
0.1596816625
-0.0259217891
-0.1213552835
-0.1709136445
-0.1127785319
-0.1627113072
-0.1594705431
-0.1038281829
0.0229829049
0.1190241549
0.2002274017
0.1646207243
0.0624250490
-0.0512006290
-0.1045429517
-0.0487348058
-0.0764417646
-0.0897600482
-0.1141448778
0.0031698742
0.1084395237
0.2472965491
0.2633164565
0.2235826910
0.0847432249
-0.0303740300
-0.0211153044
-0.0637362728
-0.0673978731
-0.0957734517
-0.0391975716
0.0305411366
0.2179404211
0.2604331348
0.2926643127
0.1902459402
0.0701933682
0.0629197009
-0.0324701311
-0.0248850983
-0.0881612892
-0.0246849249
-0.0347176402
0.1285964762
0.2075993200
0.3043213103
0.2757550701
0.1428432349
0.1628370487
0.0269627887
0.0324522165
-0.0004216371
0.0645104765
0.0570942764
0.1140859559
0.1461718141
0.2281605099
0.1954898721
0.1963351738
0.1691517802
0.1153619670
0.0558118311
0.0088031433
0.0461682273
0.0232466731
0.0750419903
0.0716853190
0.0355966513
0.0005476001
0.0072783347
0.1836203490
0.1065368817
0.0224293316
-0.0260643301
0.0849248622
0.0344891587
0.0286657337
0.0119835122
0.0103240121
-0.0412633551
-0.0779792976
0.0052869137
0.0308964434
-0.0013392433
-0.0862725738
-0.1394017906
-0.2675327304
-0.1932982697
-0.2128809171
-0.2714878711
-0.3402010490
-0.2804105002
-0.0185689977
0.0966183541
0.1498041425
0.0602235919
0.0569282536
-0.0745142531
-0.0831075337
-0.1035784259
-0.1560222605
-0.2690999528
-0.3000181188
-0.1612105724
0.0318971992
0.1407445962
0.1109369900
0.1652733864
0.0599843466
0.0392639089
-0.0110044312
-0.0786717327
-0.2026495317
-0.3090728264
-0.2161436383
-0.1440307203
0.0122988380
0.1072850659
0.1853183405
0.1387807426
0.1116946790
0.0262550739
-0.0911834721
-0.1808117612
-0.2394301753
-0.1985731662
-0.2348033822
-0.1493916787
0.0094780115
0.1482228124
0.1914784632
0.2158970757
0.1225045784
-0.0764275076
-0.1873359989
-0.2460022854
-0.2073705530
-0.2490753296
-0.2874289287
-0.1263614308
0.0546066798
0.1834898614
0.2620569995
0.2303968869
0.0605037392
-0.0811988316
-0.1713144454
-0.1387375169
-0.1951777641
-0.2478614947
-0.2134571811
-0.0650508205
0.0569484305
0.2438043859
0.2375445708
0.1627294400
-0.0021982935
-0.1219539468
-0.0768292335
-0.1408089495
-0.1833425489
-0.1735210744
-0.1262758430
-0.0549278463
0.1229914326
0.1648099538
0.2144128613
0.1563521029
-0.0154147013
0.0019483693
-0.0733223423
-0.1043959142
-0.1406289895
-0.1100183549
-0.1408771786
0.0393515551
0.1335908036
0.2389988597
0.2304069541
0.0912570031
0.0680475194
-0.0400797066
-0.1234481469
-0.1520696867
-0.0944304804
-0.1379688994
-0.0263930249
0.0446040487
0.1481272483
0.2290139069
0.1815503345
0.1638740328
0.0913459224
0.0436985344
-0.0678121969
-0.0363314248
-0.0816784365
0.0360242574
0.0412762977
0.0748718123
0.0346190404
-0.0369308902
0.0217704902
-0.1486060114
-0.1970489036
-0.2564323984
-0.1980991738
-0.2999683544
-0.2693535745
-0.2422725829
-0.3018684359
-0.2351729079
-0.1046170070
0.0356171847
0.0328788896
-0.0444177441
-0.1586713015
-0.1300023734
-0.1571408655
-0.1627233861
-0.1641179431
-0.2109989242
-0.3064121970
-0.2152951928
-0.0572249664
0.0279344565
0.0601696481
-0.0400701128
-0.0443301154
-0.1708879377
-0.1517420585
-0.1487775079
-0.1843864695
-0.2898879118
-0.2675293303
-0.1919654129
-0.0277351047
0.0341586769
0.0154539016
0.0520881464
-0.0120680231
-0.0159910740
-0.0473562816
-0.1160654058
-0.1904372850
-0.2158004272
-0.1986922909
-0.1520037457
-0.0589394124
0.0145346002
0.1140456714
0.0810015773
0.0758651493
0.0082596246
-0.0682522273
-0.1523766471
-0.0832741625
-0.0588083576
-0.0872370187
-0.0494727463
-0.0483157272
-0.0290110729
-0.0408618663
0.0117493960
0.0009915488
-0.0016462433
-0.0584155252
-0.1409475247
-0.0655634565
-0.1360499956
-0.1254177656
-0.0791367240
0.0710911926
0.1991550882
0.2872447170
0.2522058354
0.1235752228
0.0473655392
-0.0302131434
-0.0118466404
-0.0495270070
-0.0587115527
-0.0813012547
0.0223873785
0.0990384465
0.2357256301
0.2082212633
0.1127520304
0.0132416675
-0.0438348210
-0.0045593039
-0.0389205752
-0.0558168927
-0.1029232164
-0.0457242222
-0.0059379276
0.0741926663
0.0456859987
0.0187480655
-0.0449116396
-0.0659330914
-0.0301684312
-0.0380588548
-0.0407336868
-0.0577277316
-0.0219777277
-0.0196443131
0.0491552546
0.0559058357
0.0921692203
0.0488307037
0.0471642296
0.0857667465
-0.0177875341
-0.0536767044
-0.0775515940
-0.0509015634
-0.0882045455
0.0083280788
0.0689824875
0.1989357908
0.2183594642
0.2190250667
0.2073919609
0.0423820310
-0.0015163008
-0.0555496403
-0.0551984124
-0.0542593350
-0.0274699080
-0.0316658526
0.0423148671
0.0840318756
0.1673327702
0.2393228418
0.1277753281
0.0206994989
-0.0328287328
0.0135615324
-0.0509222308
-0.0075711032
-0.0175868430
-0.0487373168
-0.0994484703
-0.0476790719
0.0728183471
0.0995913858
0.0876140679
-0.0441578087
-0.0023366593
-0.0358399311
-0.0714340288
-0.0955245954
-0.1312921622
-0.1929511553
-0.1499038755
0.1254241199
0.1349087125
0.1805921214
0.1147781124
0.0895840843
-0.0491477557
-0.0125579263
-0.0379294737
-0.0737556647
-0.1554342216
-0.1903901370
-0.0383630500
0.0524546554
0.1102720737
0.0988436801
0.1142949254
0.0628212521
0.0375920172
-0.0068038188
-0.0300790087
-0.1188343526
-0.1595112159
-0.0942799831
-0.1052589694
-0.0328549418
0.0566269734
0.0779366208
-0.0683917429
0.0030814026
-0.0295940034
-0.1329090735
-0.2461746535
-0.2995425241
-0.2620074474
-0.2588876614
-0.1710102313
-0.0371773937
0.0850397410
0.1219100987
0.1545693061
0.0472103997
-0.0727573654
-0.1731939033
-0.2413924265
-0.1779553961
-0.2127553621
-0.2673014172
-0.1991953201
0.0063286235
0.1049171080
0.2222612002
0.1810769070
0.0209995223
-0.1339760308
-0.2403602081
-0.1886635954
-0.2194809355
-0.3113026809
-0.3071899868
-0.1293779036
0.0407695590
0.2183184168
0.2335770259
0.1969050406
0.0250169241
-0.0863162677
-0.1093184744
-0.1870622947
-0.2188510691
-0.2255266230
-0.1545916467
-0.1102937036
0.0595464660
0.1403636510
0.1473972435
0.0314117476
-0.0692744589
-0.0477556766
-0.1212039206
-0.1607028382
-0.2174962215
-0.1520900124
-0.1896947194
-0.0008341585
0.0939659548
0.2165570368
0.1769166653
0.0648952832
0.0661862583
-0.0781035357
-0.1237621306
-0.2547655149
-0.1976483868
-0.2721888884
-0.2043307449
-0.0851455490
0.0177987334
0.0600321856
0.0189912141
0.0755400587
-0.0412975110
-0.1028572298
-0.1534766041
-0.1213022058
-0.1579228277
-0.1084941297
-0.0839469367
-0.0458327844
-0.0478038192
-0.0462585172
0.0519497273
-0.0962294343
-0.1378811351
-0.2342313706
-0.2331760523
-0.2895945397
-0.2122018268
-0.1823115368
-0.2183252865
-0.2689437436
-0.1445512296
-0.0233426004
-0.0290621075
-0.0873487229
-0.2112893683
-0.1823731169
-0.2273351697
-0.1711306278
-0.1592078906
-0.1736578904
-0.2640871861
-0.2114564451
-0.0713348576
-0.0274440590
-0.0262179022
-0.1051006993
-0.1246765121
-0.2168542446
-0.2076419022
-0.1990604337
-0.2267998756
-0.3611378365
-0.3794908869
-0.2469685439
-0.0480214595
0.0313002527
0.0166058426
0.0772320948
-0.0528196444
-0.0440851889
-0.0790082502
-0.1573503489
-0.2432757136
-0.2788168435
-0.2679910520
-0.1791800369
-0.0168558417
0.0685907860
0.1464524422
0.1116980797
0.0770864981
0.0009617427
-0.1177749288
-0.2940011330
-0.3404852531
-0.3244722294
-0.3325095047
-0.2614251415
-0.0269069577
0.0918155138
0.0987082082
0.1198866622
0.0634234379
-0.0385002812
-0.1561978289
-0.1943783473
-0.1816827587
-0.2186698001
-0.2481182667
-0.1799584777
-0.0535094481
-0.0749739400
-0.0368379426
-0.0737253765
-0.0807699661
-0.1232406071
-0.1509814339
-0.1018885691
-0.0971354806
-0.0883761061
-0.0777587700
-0.0801328936
-0.0569874661
0.1523915453
0.1778911505
0.1046775773
-0.0378936449
-0.1584857785
-0.0380151680
-0.1146297754
-0.1276716940
-0.2681186424
-0.1845242642
-0.1123524095
0.0722417930
0.1319704203
0.1767039408
0.0583879076
-0.0737706877
-0.0646419483
-0.1117421686
-0.1246538681
-0.1577366026
-0.1326550662
-0.1287925564
-0.0190041475
0.0241340185
0.1036696883
0.1080865011
-0.0135351834
0.0108683875
-0.0769908518
-0.1825098316
-0.2405825352
-0.1963885730
-0.2682659081
-0.2077638085
-0.0941643083
0.0955540322
0.1604998060
0.1445376854
0.1618325966
-0.0066482562
-0.0626082363
-0.2180042500
-0.2020913803
-0.2701001911
-0.2315781843
-0.1988865338
-0.1176919552
0.0202612983
0.0862707095
0.1882670071
0.0750649900
-0.0736639567
-0.1891239679
-0.1372680571
-0.2113865432
-0.1824335192
-0.1729987160
-0.1842977947
-0.1507326043
-0.0049941600
0.1907894278
0.1096337449
0.0543698869
-0.0497808373
-0.0213164370
-0.0815517151
-0.0357765487
