0.1041274370
0.0511327590
0.0425046540
0.1478964465
0.2541464128
0.3400015896
0.4356796821
0.4031808793
0.2921478177
0.1827985820
0.0929998838
0.1309819612
0.0980932775
0.0236714744
0.0201297257
0.1607528681
0.2677039595
0.3836652057
0.3939033806
0.3419579731
0.1975437398
0.0700701920
0.1199608108
0.0957360291
0.0564303522
-0.0049556129
0.0547525500
0.1307262958
0.3268497427
0.3500570468
0.3781054699
0.2620876391
0.1437473849
0.1495557564
0.0721229528
0.0135764725
-0.0410355748
0.0163053510
-0.0009809489
0.2143490751
0.3148102635
0.4458726607
0.4751362547
0.3035267746
0.3117191053
0.1384832194
0.1098935315
0.0498140146
0.1179737753
0.0924683219
0.1157430129
0.2018522666
0.3337484900
0.3826151233
0.3258263812
0.3665430611
0.2322024916
0.1615017367
0.0639757911
0.1188854383
0.0768341535
0.0907284255
0.1181714018
0.1682295469
0.2072869052
0.2469269097
0.3439033008
0.2759787535
0.1802722809
0.0433026299
0.0799118797
0.0328523188
0.0987166586
0.1228573191
0.1026653347
0.0830583554
0.1217776329
0.2763224092
0.2088954605
0.1470817798
0.0563857240
0.0756836460
0.0573760807
0.1659178771
0.1507881276
0.0932497121
0.0498034286
0.0189696132
0.0811038310
0.0493180637
0.0575463413
0.0567157849
0.0918379466
0.0719769751
0.0912450415
0.0959813659
0.0291795263
-0.0362181376
-0.0512009173
0.0576884896
0.1533014173
0.2224278185
0.1981857067
0.2486264383
0.1505482383
0.1461551148
0.0949719060
0.0243146834
-0.0363512609
-0.1019226604
-0.0001459380
0.0414505809
0.1575679444
0.1785101679
0.2778505122
0.2790446738
0.2564192153
0.1870413049
0.0470628660
-0.0324992910
-0.0876188341
-0.0359459298
-0.0500018110
0.0424554292
0.1834364667
0.3041165127
0.3430557224
0.3777307765
0.3040521862
0.1503087523
0.0402298993
0.0030483012
0.0332050034
-0.0017380232
-0.0050941245
0.0825532822
0.2324723449
0.3173700917
0.4179127266
0.3585253680
0.2116162349
0.1095553697
0.0499260313
0.1025085545
0.0661531098
0.0347578698
0.0150039246
0.0594048550
0.0605872667
0.2740049608
0.2685094411
0.1687509447
0.0450733548
-0.0670670427
-0.0655959663
-0.0943022400
-0.1589713658
-0.2111997431
-0.1541145611
-0.0686359517
0.1686009645
0.2079233111
0.3131352162
0.2108961290
0.0393501304
-0.0024211504
-0.0261341385
-0.0992316423
-0.1205489191
-0.0510945190
-0.0529770404
0.0460408382
0.0878348981
0.0864329448
0.0104163054
-0.0391713974
-0.0247982644
-0.0656644003
-0.0866239191
-0.1027977552
-0.0612868688
-0.0807250257
-0.0335912920
-0.0301920995
-0.0312685789
-0.0752658993
-0.0692963692
-0.0289157787
-0.0875438939
-0.1300526963
-0.1227932302
-0.0835319850
-0.1117627084
-0.0844642274
-0.1039598326
-0.0244983777
0.0334262530
-0.0285405897
0.1995407626
0.0763543315
0.0152381275
-0.1025131567
-0.0890954248
-0.1478569064
-0.1047738466
-0.0974689701
-0.1004900523
-0.0804244932
0.0488793046
0.1862544778
0.1809217495
0.1088276851
-0.0132318977
0.0271782007
-0.0579674280
-0.0255829078
-0.0273970364
-0.0415891730
-0.1035402660
-0.0683997025
0.0901098308
0.1876175136
0.1691653010
0.0770348408
0.1317482610
-0.0099213059
0.0126032247
-0.0020553543
-0.0481691843
-0.1162365202
-0.1337998110
-0.0625772434
-0.0342356473
0.0328086376
0.0410628623
0.1090751410
0.0310569118
0.0676908946
0.0593108020
0.0312164424
-0.0612755679
-0.0995787802
-0.0472406298
-0.0632097001
-0.0049969342
0.1226714999
0.1990909192
0.1737318443
0.1795984172
0.1158215470
0.0315455984
-0.0686851801
-0.1185407125
-0.0580963357
-0.0760825105
-0.0160199248
0.1207066116
0.2527796087
0.2102436370
0.2736169054
0.1498824840
0.0984707155
0.0158685192
-0.0226442377
-0.0066119995
-0.0105247871
-0.0426610250
-0.0786171871
-0.0275132816
-0.0478706082
-0.0673515102
-0.0904739420
-0.1353263970
-0.2323290799
-0.2870249373
-0.2265720426
-0.1821463340
-0.2065787872
-0.2954615374
-0.1324025251
-0.0910141734
-0.0088502259
-0.0180684329
-0.0672251917
-0.1710362364
-0.2613764243
-0.1965832161
-0.2357355227
-0.2817406923
-0.2943104386
-0.1735388904
-0.1392912679
0.0800405097
0.1074109394
0.1191852556
-0.0162803950
-0.2259497953
-0.1517024390
-0.2883147845
-0.3613684943
-0.3950634664
-0.3132071005
-0.3453374484
-0.1362217836
-0.0107580199
0.1006250821
0.0250615891
-0.0845548492
-0.0964991788
-0.1869579406
-0.2235788426
-0.2438458349
-0.1884428500
-0.2108303827
-0.1710532034
-0.1032636885
0.0372457717
0.0331420627
0.0252697220
0.0319490640
-0.0432052247
-0.1226968900
-0.2019117443
-0.1699478122
-0.1825616807
-0.1282332837
-0.1132589286
-0.0947885537
-0.0795004375
0.0086346774
0.0523047805
-0.0115695579
-0.1128966584
-0.2109919301
-0.1575647119
-0.2362033293
-0.1937160434
-0.1959606717
-0.2297407335
-0.1921128175
-0.0710176831
0.0201827748
0.0077079313
-0.0656633829
-0.1495073677
-0.0996582653
-0.1337983389
-0.0837510096
-0.0948426513
-0.1451281719
-0.1972685658
-0.1929023420
-0.1562120870
-0.1705888480
-0.1823137041
-0.2050193791
-0.1522675569
-0.1752625148
-0.1367857347
-0.1239271063
0.0908610533
0.0219128190
0.0003822574
0.0619191563
0.1224270251
0.2317624980
0.2210806688
0.2698586200
0.1853452902
0.1847490963
0.1599392767
0.1077228556
0.0347290560
-0.0098290912
0.0265262622
0.0327605748
0.1645810198
0.2519428108
0.1815618913
0.0814987709
0.1739797175
0.1643009961
0.1671245558
0.0494894893
0.0304146745
0.0647212249
0.0115510677
0.0365748309
0.0881798556
0.1930410591
0.1087638138
0.1930192492
0.1664779402
0.1723911191
0.0447408080
0.0183938890
0.0353879641
-0.0050107042
-0.0105444029
-0.0034604344
0.0051937390
0.0056538041
0.0622805521
0.0751247745
0.0235672127
-0.0364356241
-0.0698428203
-0.0434788970
-0.0663189004
-0.0689670406
-0.0668178586
-0.0152917043
-0.0152284315
0.0824546373
0.1245307962
0.0807662480
0.0087629190
-0.0742076980
-0.0557109318
-0.0487897327
-0.1168452787
-0.2097367776
-0.1315139888
-0.0619219487
0.1570411392
0.1848888789
0.1998769640
0.0968512567
-0.0942718544
-0.1296734313
-0.2253732274
-0.2906489189
-0.3356505945
-0.2595523476
-0.2890344860
-0.0814911357
0.0362497323
0.1730151145
0.1793861500
0.0629654469
0.0645370137
-0.1168009920
-0.1716506093
-0.2249385303
-0.1580490928
-0.2223652478
-0.1180191521
-0.0327673115
0.1566494420
0.1766619093
0.1446020745
0.1973180311
0.0179689273
-0.0964249310
-0.1421623574
-0.0420128289
-0.0674111452
-0.0048489457
-0.0031425347
-0.0104084809
-0.0295317735
0.0057298686
0.1727904794
0.0914586550
0.0390977446
0.0081568788
0.0611685138
0.0098316496
0.0743205588
0.0550744312
0.0414883857
0.0511076372
0.1700509846
0.2941190415
0.3212007230
0.2353888200
0.0806844817
0.1092290528
0.0625928601
0.1104711460
0.0859453884
0.0603500079
0.0052407572
0.0557151290
0.1812136972
0.2104844024
0.2339328303
0.1374739263
0.1502452734
0.0677482696
0.0989599907
0.0781402248
0.0407986306
-0.0136382955
-0.0635819670
0.0445321039
0.1662201302
0.2278458468
0.1663111140
0.2287375571
0.1579935146
0.1495574448
0.1148246447
0.0674732450
-0.0245971812
-0.0730303841
-0.0220158194
0.0537919377
0.1836389254
0.2074828909
0.3058402776
0.2784401310
0.2369397708
0.1759002817
0.0586536817
-0.0062192183
-0.0323288028
-0.0395095064
-0.0605519675
0.0141958834
0.1609896737
0.2760080904
0.2928631528
0.3458275029
0.2547536580
0.1110681607
0.0368944456
-0.0128181579
0.0227599723
-0.0298730279
-0.0660489993
0.0277853725
0.1959669990
0.2620683613
0.3276903044
0.2709057523
0.1827424661
0.0667206708
0.0117501506
0.0361225964
0.0209501880
-0.0485542185
-0.0914630878
0.0430458724
0.1695425855
0.3070678784
0.2899784022
0.1864149014
0.0760339988
0.0042862478
0.0395188368
0.0042801002
-0.0151012220
-0.0262994780
0.0198369250
0.0306927791
0.2133613581
0.2128225607
0.1575403604
0.0719586565
0.0128416546
0.0586006716
0.0185528491
0.0030836932
-0.0294740012
0.0179387106
-0.0014791459
0.1566522093
0.2186207497
0.2826193159
0.2395518653
0.1027520139
0.1184005984
-0.0080064856
-0.0395712902
-0.0532534526
0.0040959969
-0.0414139848
0.0243441037
0.0882970711
0.2031770467
0.1692352181
0.0381118670
0.1496036247
-0.0508408959
-0.0848605043
-0.0449819668
0.0099295351
-0.0076627951
0.0086349253
0.0013815470
-0.0208575787
-0.0571393456
-0.0523918902
-0.0053754905
-0.0470026190
-0.0558920230
-0.0327298029
0.0199658651
-0.0007296295
0.0818559220
0.0629638276
0.0409345964
-0.0056867794
-0.0214882808
-0.0056437981
-0.0351429834
-0.0542852690
-0.1119897082
-0.0405636337
-0.0778644089
-0.0543751336
-0.0578683496
-0.0947502743
-0.1552839744
-0.1312636724
-0.0236269787
-0.0580210666
-0.1009103592
-0.1572754300
-0.1038787995
-0.1783132114
-0.1253911283
-0.1682628891
-0.2546695370
-0.3389461755
-0.3851771835
-0.2051390251
-0.1154315144
-0.0367731940
-0.0191910045
0.0016619277
-0.1235965651
-0.1650584432
-0.1960113516
-0.2986300776
-0.4031709619
-0.4421994377
-0.3860541752
-0.2774257768
-0.1271451743
-0.0031543224
0.0614241270
0.0229907221
-0.0133678548
-0.0961599123
-0.2019098851
-0.3329786151
-0.3508713114
-0.3325329184
-0.3411016140
-0.3014810043
-0.1239941384
0.0482002118
0.0554206429
0.0851811530
0.0112458005
-0.1425015771
-0.2257623824
-0.2570656440
-0.2359334586
-0.2539440869
-0.2661330738
-0.2457000166
-0.1486272682
-0.1470784604
-0.0526866402
-0.0436959335
-0.1041403251
-0.2044208736
-0.2608416532
-0.2154699054
-0.2840032293
-0.3037913914
-0.3473487110
-0.2063327052
-0.0365201461
0.1266942177
0.1535086026
0.0884493250
-0.0745332362
-0.1791719279
-0.1784608112
-0.2354112560
-0.2907115596
-0.3242163503
-0.2618049358
-0.2026264404
0.0493264371
0.1060753599
0.1722111012
0.0405792019
-0.0736267718
-0.0865049527
-0.1912338026
-0.2151626479
-0.2015092244
-0.1534745405
-0.1916803914
-0.0465040078
0.0670292249
0.1345638986
0.0870178638
-0.0035407546
-0.0531851115
-0.1671192172
-0.1956621648
-0.1970377056
-0.1500285569
-0.1571722971
-0.0828607174
-0.0862208606
-0.0980757908
-0.1276103450
-0.1301994286
-0.0723235766
-0.1028782348
-0.1352047553
-0.1825879108
-0.1064551641
0.0038594131
0.0343808892
0.0455073679
0.1168459230
0.1738248860
0.2112137277
0.2160637389
0.1094515159
-0.0166731330
-0.0443562644
0.0153841142
-0.0187574457
0.0257609575
0.0162493063
0.0050815115
0.0262137656
0.1472732335
0.1794000305
0.1607394414
0.0720601976
0.0206296618
0.0079159045
-0.0228880255
0.0325974204
0.0391400376
0.0136229139
-0.0408785070
-0.0083084809
0.0764417009
0.1671353952
0.1467599534
0.0724772243
0.0898757777
0.0381360623
0.0363384057
0.0445851532
0.0342785999
-0.0119533965
-0.0432949939
0.0394156261
0.0928474760
0.1450771129
0.1629258288
0.2040281482
0.1312069995
0.1331347704
0.0969182087
0.0439207284
-0.0725535541
-0.1296361606
-0.0640808670
-0.0302787757
0.1148877260
0.2391260878
0.3021479835
0.2966350949
0.2642276874
0.1989300459
0.1055929918
0.0120785051
-0.0240015892
0.0015829788
-0.0291121139
0.0114903028
0.1007874023
0.2431694192
0.2102495308
0.2414247753
0.1954697652
0.0966659095
-0.0142210989
-0.0862562165
-0.0456672785
-0.1069550885
-0.1089472812
0.0095096899
0.1951740452
0.3052546905
0.3689296659
0.3198475228
0.2046560595
0.0600695827
0.0033630170
0.0353224831
0.0053374078
-0.0388356585
-0.0561144517
0.0611388945
0.1249122959
0.1672527155
0.1327307854
0.1013239246
0.0499154329
-0.0151603934
0.0285901674
-0.0049662508
-0.0500932794
-0.1088041893
-0.0356399015
0.0165215539
0.2204587296
0.1913898729
0.1968431899
0.0973658161
0.0037862066
0.0521619627
-0.0031722587
-0.0608494881
-0.1274601317
-0.0911598162
-0.0935642072
0.1049550536
0.1909367595
0.2141805641
0.1553644365
0.0704449283
0.1202407528
0.0516121059
0.0029798139
-0.0689847125
-0.0321798622
-0.0544150223
0.0074011767
0.0542147126
0.0641803301
0.0397923442
0.0353657141
0.1050049572
0.0470233321
-0.0239033314
-0.0869107159
-0.0671936890
-0.1054064992
-0.0410353138
-0.0357865214
0.0395245641
0.1292877012
0.1883269507
0.2726886877
0.1797593670
0.0570825142
-0.0178870412
0.0025951539
-0.0703810364
-0.0302975565
-0.0439258206
-0.0482927092
-0.0395072974
0.1027948506
0.2671203691
0.2914545302
0.1991560235
0.0464618632
0.0532377886
-0.0307421268
0.0302779134
0.0294600863
0.0030934537
-0.0798095701
-0.0102123408
0.1681626326
0.2147498458
0.0561863367
0.0174000835
0.0964176834
0.0182335888
0.0323238841
0.0113244025
-0.0085915525
-0.0624492342
-0.0678915453
0.0006869259
0.1062964429
0.1778840970
0.1232778062
0.1398233541
0.0179968089
0.0196363590
0.0286311414
0.0053192480
-0.0299710762
-0.0807749265
-0.0505533532
-0.0022159967
0.1361019455
0.2012254390
0.2640129166
0.2389585695
0.2070626088
0.1411105346
0.0611910150
0.0037361111
-0.0195671363
-0.0163818171
-0.0301213531
0.0574541920
0.1772310294
0.2532807174
0.2355101868
0.2419697792
0.1561420019
0.0988346154
0.0252446583
-0.0145589185
0.0059603915
-0.0130925582
-0.0664142412
0.1187520581
0.2059484772
0.1982696787
0.2069066777
0.1711508359
0.0468312112
-0.0164716758
-0.0442042120
-0.0080868526
-0.0277283541
-0.0407777697
-0.0280642344
-0.0034453654
-0.0060195977
0.1918311982
0.2059833447
0.1015435146
0.0376466778
-0.0533383185
0.0041973617
-0.0357251628
-0.0593608578
-0.0787054086
-0.0561506498
-0.0070543699
0.1873277551
0.2115453300
0.2097269131
0.0963443384
-0.0202978600
-0.0069289610
-0.0500232765
-0.0932019971
-0.1421671368
-0.1111933671
-0.1150471085
-0.0198077691
0.0517294571
0.1581818534
0.1265725369
0.0350674673
0.0079239481
-0.1087296899
-0.1616691037
-0.1867583833
-0.1268085477
-0.1580960394
-0.0866397504
-0.0392105530
0.0892736078
0.1219382374
0.0931674376
0.0940729519
-0.0251410572
-0.0899901691
-0.1050012546
-0.0878257575
-0.1180732149
-0.0808846746
-0.1006538658
-0.1159457110
-0.1523187663
-0.1533136911
-0.0618039376
-0.0667179865
-0.1484573226
-0.1802306444
-0.1450310943
-0.1917098302
-0.1720340507
-0.1600690423
-0.1627934350
-0.1437389414
-0.0314322824
0.1075706460
0.0128750135
-0.0135553585
-0.1130681242
-0.0963363165
-0.1439851687
-0.0824761791
-0.0750423152
-0.1034129374
-0.2207655389
-0.1873648841
0.0256181866
0.0708365956
0.1086340463
0.0683495596
0.0353211742
-0.0847246525
-0.0666378464
-0.0796706004
-0.1510348057
-0.2851353913
-0.3301684259
-0.1911268042
-0.0015840041
0.1033249530
0.0854788962
0.1379884287
0.0151917314
-0.0212637912
-0.0611384171
-0.1058277058
-0.2480832214
-0.3172415791
-0.2379664753
-0.1745596775
-0.0299058282
0.0785288603
0.1541333334
0.1354255723
0.0797694060
0.0193493410
-0.0916470481
-0.2030314578
-0.2644345522
-0.2346445394
-0.2589503361
-0.2014992459
0.0421042629
0.1945019448
0.2291755861
0.2354079524
0.1338298103
-0.0515422649
-0.1491361729
-0.2194372532
-0.1841551274
-0.2251120511
-0.2468193095
-0.1247354936
0.0466039536
0.1020810584
0.1576825134
0.1209152102
0.0139327053
-0.1032570495
-0.1753459077
-0.1235668801
-0.1622224446
-0.1763149867
-0.1930322014
-0.0566787527
0.0634638636
0.1165254763
0.0139586258
-0.0589098192
-0.1116323783
-0.1469648153
-0.0881863531
-0.0899569435
-0.0352419852
-0.0427450167
0.0223523290
0.0513245744
0.2048402774
0.1843124528
0.1273528501
0.0783299050
0.0286821510
0.0379298680
-0.0108982556
-0.0487535340
-0.0661466738
-0.0281806041
-0.0309378371
0.0622260148
0.0750523211
0.0813815491
0.0499547050
0.0031704267
0.0204916766
-0.0328717796
-0.0489432466
-0.0945995053
-0.0680260684
-0.0801608658
0.0104300967
0.0722477387
0.1120941777
0.0461559454
0.0310989680
0.0468061850
-0.0068284810
-0.0147606965
-0.0546028483
-0.0180157147
-0.0466993863
-0.0160227708
0.0047611747
0.0351825088
0.0093279855
-0.0162147251
0.0915842076
0.0044734038
-0.0300519512
-0.0504040550
0.0144110696
0.0013055085
0.0106774474
-0.0172884138
-0.0294271242
-0.0213301088
0.0164747711
0.1438176005
0.1895224033
0.1244123273
0.0267466630
0.0556879675
-0.0192437101
-0.0314103512
-0.0486263530
-0.0868971285
-0.0957357730
-0.0556930561
0.1203254913
0.1966501938
0.2136768855
0.1145985521
0.1415423367
0.0457917552
0.0369014474
0.0181120129
-0.0214941257
-0.0837242478
-0.0826308119
-0.0188056609
-0.0108995581
-0.0069519893
0.0103530053
0.0415807771
-0.0043454167
0.0523693260
0.0337305140
-0.0074323376
-0.0497714662
-0.0745175527
-0.0179788781
-0.0243130746
-0.0084008386
-0.0368360467
0.0374031922
0.0420336534
0.0261503621
0.0107293628
-0.0423490487
-0.1260832365
-0.1784456226
-0.1469775802
-0.1412416075
-0.1062697188
0.0471771908
0.1583164532
0.1848906796
0.2254479357
0.1582074498
-0.0233015588
-0.1147523720
-0.1717358083
-0.1103592475
-0.1627492616
-0.1591860311
-0.1051783926
0.0239308131
0.1311299786
0.1966226835
0.1656087883
0.0629219487
-0.0472607970
-0.1026716883
-0.0443287538
-0.0751946737
-0.0899866888
-0.1154380126
-0.0018700016
0.1032535049
0.2434453617
0.2649036433
0.2288006659
0.0776220034
-0.0322095110
-0.0270681481
-0.0603455824
-0.0662204353
-0.0959629241
-0.0404134151
0.0289248496
0.2250694597
0.2595529388
0.2985778650
0.1907719627
0.0692182359
0.0541951170
-0.0270728916
-0.0286690715
-0.0878781800
-0.0237126938
-0.0366205485
0.1343006281
0.2078780124
0.3059638283
0.2750150835
0.1498993241
0.1649979773
0.0312295563
0.0348070425
0.0004707579
0.0641185786
0.0487844905
0.1116318825
0.1474532937
0.2325572026
0.1974100658
0.1987572048
0.1707824243
0.1145674233
0.0569089244
0.0111691777
0.0492410824
0.0158371375
0.0728046660
0.0756008155
0.0317261670
0.0037470831
0.0184647428
0.1897813296
0.0999298130
0.0231907484
-0.0280915501
0.0868621335
0.0299590397
0.0242843773
0.0141355810
0.0085617404
-0.0393617108
-0.0757633994
-0.0044171998
0.0367363502
0.0007784180
-0.0848031231
-0.1308245823
-0.2612622968
-0.1864817993
-0.2105829464
-0.2738959460
-0.3389842451
-0.2765245758
-0.0341024008
0.1010621718
0.1499104843
0.0447763406
0.0591151030
-0.0808703206
-0.0825489406
-0.1023692383
-0.1589294838
-0.2693145595
-0.3004663363
-0.1743967459
0.0357978204
0.1470094276
0.1071020041
0.1607517662
0.0549071175
0.0416484389
-0.0088809872
-0.0829329569
-0.2051189168
-0.3028735695
-0.2114390609
-0.1476153394
0.0248969006
0.0994231070
0.1856333837
0.1374945929
0.1050932408
0.0327457015
-0.0957579040
-0.1755760981
-0.2387803847
-0.1999989666
-0.2351189823
-0.1456398212
0.0278794876
0.1506438498
0.1892162579
0.2164494800
0.1242828459
-0.0801830542
-0.1844090426
-0.2395695098
-0.2044599756
-0.2509294676
-0.2909530381
-0.1036112330
0.0563165596
0.1817204069
0.2593926991
0.2227236038
0.0586703351
-0.0858601902
-0.1699808718
-0.1406750371
-0.1962087262
-0.2524733641
-0.2184955190
-0.0722747644
0.0571815645
0.2507238756
0.2373830137
0.1613401978
-0.0004270373
-0.1196928972
-0.0811274135
-0.1427254545
-0.1854679587
-0.1800696034
-0.1251137736
-0.0635604460
0.1304493196
0.1664644270
0.2148496528
0.1464735011
-0.0138765517
-0.0119136213
-0.0674808919
-0.1050055611
-0.1472246217
-0.1061346294
-0.1382490493
0.0414756819
0.1352896639
0.2450237024
0.2285859935
0.0937197735
0.0787365769
-0.0410919758
-0.1283016078
-0.1511960774
-0.0892417737
-0.1363207888
-0.0256283519
0.0410288142
0.1510128179
0.2365018622
0.1781696829
0.1691892416
0.0919757602
0.0448281775
-0.0586557346
-0.0321407502
-0.0781236727
0.0266330658
0.0427545744
0.0727880900
0.0358219472
-0.0351218804
0.0225426236
-0.1483340411
-0.2015538894
-0.2525134550
-0.2043772879
-0.2822934250
-0.2593485027
-0.2484677909
-0.3086489268
-0.2357384828
-0.1034764008
0.0276541892
0.0308721919
-0.0494639717
-0.1663676200
-0.1306289550
-0.1611942913
-0.1647622911
-0.1625438736
-0.2104232317
-0.3073530605
-0.2240548661
-0.0586528752
0.0286373807
0.0542924931
-0.0387521568
-0.0392636678
-0.1738921357
-0.1512529742
-0.1479193549
-0.1864806879
-0.2877978515
-0.2715960213
-0.2005295692
-0.0259879843
0.0315429736
0.0160315147
0.0583692635
-0.0110003918
-0.0170832331
-0.0467025312
-0.1148052870
-0.1904839840
-0.2157389998
-0.2003828195
-0.1542586456
-0.0600329587
0.0165540075
0.1102483815
0.0745440226
0.0742597654
0.0099938888
-0.0667958764
-0.1427294826
-0.0866564087
-0.0583067868
-0.0847941193
-0.0479180374
-0.0506053431
-0.0267590160
-0.0441480706
0.0103794899
0.0037511135
-0.0033256496
-0.0622907930
-0.1399961319
-0.0661241803
-0.1356684804
-0.1279164644
-0.0780711815
0.0745320407
0.1965306368
0.2825586411
0.2545134361
0.1203803891
0.0480021725
-0.0326432773
-0.0051806970
-0.0467093311
-0.0641060202
-0.0834300085
0.0157056863
0.0951982607
0.2440986265
0.2097267302
0.1148274581
0.0141252014
-0.0424676846
-0.0023900767
-0.0386818526
-0.0574668512
-0.1052842787
-0.0460410053
-0.0071975257
0.0721590818
0.0519990280
0.0190859214
-0.0415378200
-0.0666221110
-0.0268843306
-0.0382111439
-0.0428517693
-0.0623090945
-0.0196109333
-0.0268791566
0.0447363354
0.0589434864
0.0928852815
0.0561619317
0.0509180691
0.0888452297
-0.0185608880
-0.0552940296
-0.0766809359
-0.0501143368
-0.0882775423
0.0091873389
0.0678889916
0.2019394193
0.2269473425
0.2158334717
0.2128988648
0.0429807699
-0.0008736525
-0.0635761571
-0.0543304470
-0.0569640484
-0.0303481889
-0.0329933198
0.0398189331
0.0805144181
0.1645536286
0.2409545041
0.1236703143
0.0172547161
-0.0289325778
0.0146943085
-0.0560774992
-0.0100908523
-0.0172916230
-0.0456264798
-0.0983686505
-0.0508503924
0.0676608515
0.1035427231
0.0856675032
-0.0490944401
-0.0026002721
-0.0428968989
-0.0717905376
-0.0912674317
-0.1345623140
-0.1928151837
-0.1461525794
0.1142434704
0.1357034480
0.1772849042
0.1214691201
0.0894853237
-0.0468072884
-0.0186228696
-0.0360217501
-0.0765179590
-0.1596233301
-0.1881269699
-0.0456269417
0.0520445679
0.1138858893
0.0953994444
0.1063534102
0.0588539347
0.0406153927
-0.0017722036
-0.0301621604
-0.1197828087
-0.1600634085
-0.0941468345
-0.1045961684
-0.0186878282
0.0419417343
0.0780310095
-0.0729685285
0.0013127929
-0.0304462402
-0.1345751758
-0.2424609291
-0.2943730704
-0.2648189014
-0.2608887837
-0.1584188036
-0.0293981446
0.0815472913
0.1269905825
0.1537864767
0.0492236881
-0.0738298490
-0.1681270921
-0.2367138273
-0.1757371197
-0.2165307768
-0.2660757739
-0.1819433952
0.0014533968
0.0996361628
0.2245648151
0.1841285223
0.0072454439
-0.1381393177
-0.2387700932
-0.1936287627
-0.2212361347
-0.3112650869
-0.3114437698
-0.1348445180
0.0454012677
0.2211742834
0.2349043186
0.2015164485
0.0276275452
-0.0914172000
-0.1070549311
-0.1849656503
-0.2220037208
-0.2303820036
-0.1561597810
-0.1160050178
0.0626915758
0.1370572627
0.1493249451
0.0304849262
-0.0743639851
-0.0521325450
-0.1183564467
-0.1653384115
-0.2184979570
-0.1499826318
-0.1874566887
0.0012119863
0.0945767460
0.2140741682
0.1752765920
0.0708106444
0.0617370627
-0.0786263074
-0.1306392252
-0.2463496193
-0.1986350885
-0.2704517737
-0.2087005131
-0.0894142889
0.0234674714
0.0605024285
0.0165580639
0.0876923772
-0.0403737529
-0.0997638708
-0.1589513461
-0.1209637584
-0.1576281550
-0.1065612570
-0.0861186792
-0.0403379019
-0.0437949511
-0.0439005270
0.0469344349
-0.0954420514
-0.1421760885
-0.2258552932
-0.2347200470
-0.2790775185
-0.2100824744
-0.1860231612
-0.2218094330
-0.2645259450
-0.1373139116
-0.0323957043
-0.0265754743
-0.0870103852
-0.2154667214
-0.1821193715
-0.2270603637
-0.1728592970
-0.1600173893
-0.1776654704
-0.2628843145
-0.2043466975
-0.0907973729
-0.0249394542
-0.0243427596
-0.1118295780
-0.1248458650
-0.2156863811
-0.2096325773
-0.1993638050
-0.2326878373
-0.3580580878
-0.3813019484
-0.2563631580
-0.0487737573
0.0371753018
0.0145505860
0.0754187278
-0.0534879554
-0.0486702529
-0.0756931160
-0.1591087189
-0.2419984223
-0.2783745209
-0.2602461307
-0.1772841376
-0.0114911288
0.0804965441
0.1431226218
0.1163353082
0.0661515865
-0.0008327728
-0.1247240178
-0.2898343223
-0.3402450365
-0.3190327133
-0.3368279396
-0.2512910831
-0.0126566626
0.0925826764
0.0969814761
0.1119960428
0.0663474101
-0.0412870172
-0.1547108787
-0.1933433163
-0.1754049083
-0.2209662317
-0.2477738313
-0.1823575234
-0.0512368687
-0.0756019136
-0.0381933628
-0.0728963623
-0.0823225502
-0.1271274016
-0.1498415418
-0.0934409323
-0.0988321279
-0.0888216813
-0.0931668373
-0.0750504352
-0.0607184925
0.1539018774
0.1778466676
0.1071474162
-0.0483364750
-0.1569554529
-0.0425956434
-0.1137988371
-0.1200204265
-0.2805810862
-0.1872815446
-0.1175498776
0.0774867609
0.1349434453
0.1756690985
0.0623180733
-0.0788718365
-0.0642277162
-0.1106246319
-0.1263836358
-0.1589065538
-0.1316480319
-0.1283015951
-0.0234247412
0.0292681249
0.1059713074
0.1020165177
-0.0105320230
0.0164326906
-0.0788334074
-0.1908463635
-0.2437544484
-0.1949452392
-0.2662360167
-0.2178143675
-0.1012395398
0.1081748453
0.1638900342
0.1427317117
0.1614508704
-0.0090961090
-0.0640408617
-0.2295242155
-0.1934103187
-0.2675431962
-0.2318413974
-0.2014015276
-0.1133021274
0.0189920938
0.0821721997
0.1830637629
0.0802558373
-0.0774600458
-0.1884144786
-0.1391837446
-0.2121030809
-0.1846746613
-0.1715747295
-0.1857610478
-0.1511602697
0.0006266775
0.1744319771
0.1079728606
0.0487258452
-0.0459300142
-0.0238103042
-0.0802362350
-0.0567318101
